0.000000
0.798898
-0.131047
0.467041
-0.001378
0.790579
-0.335636
-0.826671
0.037365
0.704514
0.061987
0.816735
-0.797299
1.159125
-0.500051
-0.789287
-0.220856
0.475921
-1.287897
0.829037
-1.057622
2.062498
-2.071036
-0.017676
2.005859
-1.452527
0.803583
0.562405
-1.713302
1.448900
-0.095913
-1.175368
0.873718
1.054587
-1.249571
0.388241
-0.019876
-0.129375
0.273147
0.416297
-1.208627
0.632524
-0.596713
-0.026726
0.501467
-0.617588
-0.595808
1.623777
-1.573474
1.143394
-0.114068
0.302216
-0.450927
-0.371458
-0.438052
-0.306246
1.750390
-1.051693
-0.283601
0.118658
-0.170152
0.088046
0.027836
-0.137363
-0.251160
-0.197965
0.458894
-1.328905
1.001239
-0.705799
0.346884
-0.531269
0.290976
0.492192
-1.217296
2.313593
-0.134546
0.178957
-0.482879
-1.425990
1.454943
-0.605387
0.287560
0.692481
-0.099073
-1.115934
-0.005766
0.979072
0.356733
-1.025325
1.102420
-0.866779
-0.614050
3.526555
-2.563037
-0.444129
0.328103
-0.477635
0.379183
-0.353983
0.501553
1.329802
-2.244834
2.086213
-1.654271
0.505178
0.651040
-0.621745
0.114911
-0.749028
0.888136
-0.727938
0.953865
0.261706
-1.085540
1.011229
-0.417914
-0.285908
-0.160897
1.500035
-2.339652
0.115079
1.443552
0.432848
-0.935454
0.571957
-0.515899
-1.879380
-0.528373
2.388625
-0.827136
0.103025
-0.469865
-0.035150
-0.180943
-0.127688
1.952470
-0.913973
-0.784056
0.438043
0.259473
-0.443781
0.159644
0.182603
-0.284404
0.502619
1.082956
-0.442412
-0.327054
-0.160350
-0.159866
1.075593
-0.935919
-0.839510
1.016692
-0.663412
-0.031702
-0.350265
-1.305334
1.682957
0.158243
0.947587
-1.662085
-0.587350
2.372547
-0.102480
-1.862130
2.870879
-0.752409
-0.207775
-1.019926
0.966772
0.832103
-0.348458
-0.225332
-0.017438
-0.322141
1.303151
-1.384421
0.399696
-0.446702
-0.344345
-0.030181
0.664286
1.154319
-1.396205
1.336094
0.387386
-0.918369
-0.672454
0.736468
-0.385030
0.466204
0.384952
0.065240
-0.825273
-0.509567
0.649614
-1.034245
0.153242
0.729501
0.588331
-0.189996
-0.428593
0.997138
-1.500192
1.357485
-0.155298
0.372144
-0.030977
-0.977236
1.276434
-0.109177
-0.525197
-0.239887
0.858995
-0.746828
-0.436535
0.270205
-0.552628
0.432388
-1.006673
0.919398
0.112122
0.026406
-0.458529
0.084481
-0.271227
2.200224
-1.595073
0.307461
-0.653421
0.205450
-0.022771
0.192104
-0.217878
1.252670
-0.219154
-0.949404
0.159885
0.830828
-0.567120
1.347618
-1.456635
0.391852
0.517396
0.606012
-2.142047
0.746049
0.837085
-0.120051
-1.254585
-0.048479
-1.424971
1.540159
-0.883274
2.074714
-1.548856
0.708696
0.993742
-1.365141
0.358933
0.189289
-0.011809
0.570188
-1.066598
-0.267787
0.190655
-0.680798
1.963168
-1.762647
-0.935491
0.990346
1.486190
-1.326502
0.660290
0.391604
-2.221400
0.047363
2.123630
-1.224497
0.930786
-0.806182
0.725816
0.440836
0.119152
-0.827561
0.565755
-0.999123
-0.499777
-0.414252
0.935421
-0.248647
1.250115
-0.243304
-0.579485
1.583666
-0.734238
-0.484528
-0.344280
0.498841
0.091281
-0.253689
0.263880
0.234328
0.078069
0.070899
-0.082788
0.057117
-0.505420
-0.318614
1.320350
0.803204
-1.005787
-0.289102
2.408298
-1.403032
-0.724952
-0.490766
-1.038883
2.355074
-1.263006
0.181168
-0.997728
0.838921
-0.195390
0.449400
-0.185543
-0.345936
-0.091306
0.641242
1.208515
-1.253011
0.912511
-1.572284
1.580388
0.404473
-1.753084
-1.117127
0.549996
0.534649
-0.457663
-2.220987
-0.150787
1.934333
-0.207067
0.448778
0.730551
-1.301227
-0.294894
0.580980
-1.072183
0.240943
0.949949
-0.946722
0.708260
0.664938
-0.897367
0.442758
-0.407407
-0.048675
0.233547
0.862913
-0.162631
0.323484
-0.559855
-0.180969
-0.287314
1.455459
-0.249131
-0.972838
1.038947
-0.079987
-0.164208
-0.234901
-0.187227
0.978333
-2.069395
1.091810
-1.006110
0.430409
-0.090204
1.057014
-2.207757
0.158105
0.402590
1.372899
-1.359404
0.189247
0.280594
0.566940
-0.722045
-0.416997
-0.026367
1.261154
-0.248853
0.825084
-0.231172
-0.338715
-0.564973
-0.474039
1.393524
-0.622803
-1.468685
2.325421
-2.266005
1.821424
0.289622
0.394829
-0.628028
0.393200
-1.160735
0.437091
0.818583
-0.089816
-0.168255
0.391419
0.431512
-1.750809
-0.071549
1.175561
-1.043238
0.143403
1.268063
-0.173405
1.194495
-0.982043
-0.715486
-2.198509
0.532095
0.885271
0.854787
0.291283
-0.275831
0.500661
-0.955642
1.390690
-0.444449
0.518612
-0.911671
-0.535781
0.893786
0.421339
-1.569524
0.133984
-0.271747
2.791197
-1.188908
-1.225765
0.011699
0.377350
-0.056300
0.737812
0.012407
-1.276235
0.516918
-1.311855
1.983686
-1.294073
1.234859
0.190857
-1.415663
1.987732
-1.585623
1.100293
0.106093
-0.470872
0.263483
-1.092020
1.606145
0.090991
-0.022816
-0.909555
0.948022
-0.415096
-0.169835
0.899597
-1.599978
0.948899
-1.698376
1.711193
0.343850
-1.612542
0.413922
-1.033338
1.979002
-2.160206
-1.528707
2.731149
-0.698380
1.548100
-1.227454
0.071689
0.225701
-1.105807
0.025422
0.891799
-1.869595
2.458863
-1.974284
0.325730
-0.898312
-0.343518
3.464696
-1.255506
-0.611861
-0.106582
0.275386
1.160786
-2.284438
0.597552
0.350012
0.758089
0.637284
-1.181382
0.478223
-0.000721
-0.101839
0.111404
-0.394502
0.929690
-0.079499
-0.774748
-0.178800
-0.243080
0.708536
-0.081023
-1.470464
1.177048
0.266640
0.922744
-0.446799
-0.907001
1.281915
-0.847283
-0.667555
1.757742
-0.713012
-0.158078
-0.484152
-0.061868
-0.277626
0.676789
1.464589
-0.122627
-0.989499
-0.084480
1.196635
-1.921614
-0.093924
1.643765
-1.488186
1.412150
0.276976
-0.518492
0.859737
0.182780
-0.613235
0.313891
-2.359449
0.220103
0.313675
1.260475
-0.613156
0.078219
0.409699
-1.306453
0.912517
-0.841694
0.230380
-0.306006
-0.795119
0.764006
0.081734
1.302097
-1.218493
-0.037992
-0.919311
0.489529
0.276247
-0.091147
0.176383
0.113284
1.442474
-2.890715
1.414990
0.063892
-0.168750
-0.351637
1.583813
-0.887628
0.663868
-0.193532
-0.219316
-0.650081
1.513611
-0.413050
-0.250906
-0.567210
-0.304593
0.484517
-0.636107
-0.887898
0.379583
0.651557
0.402581
-0.635929
-0.793278
0.173898
-0.694217
1.673867
0.564240
-0.130182
0.229619
-0.975703
0.101345
0.495267
-1.225683
1.459968
-0.171177
-0.037822
-0.150189
-0.660930
0.522303
0.352375
0.435598
-1.870540
2.640537
-0.713846
-0.729983
1.068235
-0.308942
-0.098782
-2.021844
0.971537
-0.425807
0.165155
-0.220022
-0.422001
0.596019
-0.861088
0.481404
-0.632974
2.096740
-1.178564
0.989702
0.321898
-1.266840
-1.067641
1.796546
0.235938
1.334865
-2.029773
-1.477247
1.875881
-0.255867
0.053665
0.389290
-0.702753
0.430822
-0.013208
1.099829
-1.905944
0.712512
0.200075
-0.780105
1.134240
-1.277051
0.726053
-1.241685
0.207660
0.789036
0.463283
-0.299007
-0.597163
0.408065
0.924249
-0.991599
-0.422616
0.508992
-0.099304
-0.539757
-0.914511
0.654691
0.136391
0.093438
-0.436317
1.761389
0.298949
-0.778276
0.356755
-0.509165
-0.946739
0.252435
1.450267
-0.926834
0.554429
-1.466002
0.845625
-0.225434
-0.243085
0.408058
0.638241
-1.295197
-0.332541
1.688860
-0.479927
-0.235666
0.100530
-1.038682
0.320670
1.648594
-0.392825
1.186167
-1.093940
0.495771
-0.659608
1.004626
-2.460535
1.197666
-1.701431
2.312947
-0.947354
-1.260842
0.001739
1.614879
-0.780803
1.302810
-0.743861
-0.246176
1.030203
-0.245517
0.898515
-0.685092
0.188216
0.652103
-1.375792
0.294947
0.312442
0.026197
0.860782
-2.529774
2.072275
0.730698
-1.212555
-0.672801
-1.010287
0.152539
0.703568
1.496617
-1.140395
1.315953
-0.944297
0.194776
-1.455857
2.328947
-1.177921
0.277204
-1.576636
0.697058
0.800596
0.113917
0.361204
-1.218581
0.633674
-1.858648
1.633650
-0.406985
0.970932
-0.584497
-0.440532
0.672408
-0.191943
-0.805132
1.310277
-0.366662
0.876018
-1.555082
0.850110
-0.929062
-1.321293
-0.437427
0.565294
0.372246
2.057783
-0.965955
-1.632720
0.824202
-1.226484
0.270221
2.040963
-0.856194
0.316054
-0.214243
0.746103
-0.782086
-0.228444
0.967302
-0.888342
-0.607122
0.244340
-2.124751
2.518396
0.536166
-1.740039
1.608636
0.557595
-1.538525
2.354282
-0.887424
0.409977
-0.036555
-0.107422
-0.547479
0.151396
0.464419
-0.338904
-0.987013
1.305228
-0.239404
-0.742079
-0.306477
0.226147
-0.319855
0.527742
-0.142529
-0.480769
0.493633
1.296738
-1.834860
1.031156
-0.563186
-0.265258
1.273739
-1.060291
2.335681
-2.563007
0.914182
-0.008674
-0.523080
-0.221011
-0.709223
0.700543
-0.375923
0.751162
-0.579386
1.242307
-0.763738
-0.247086
0.911410
0.031872
-0.953975
-0.595393
0.683814
-0.596983
1.059964
-0.082148
-1.406992
1.536417
-0.208771
-0.986990
0.697073
-0.955884
1.163346
-1.271420
0.697305
1.043748
-1.490128
0.976492
-0.752943
2.080591
-1.529609
-0.479048
1.294887
-1.396402
-0.215215
0.553323
1.764083
-0.151567
-1.542089
1.111196
-1.279647
-0.021895
-0.066243
0.896823
0.059203
1.190026
-1.247087
3.152015
-3.004034
1.809471
-0.944114
-0.399527
2.137423
-3.286596
1.601766
-0.804449
1.156862
-0.852503
-0.297596
0.795591
-0.016562
-1.578968
0.153332
0.746249
-0.933926
1.165902
0.003829
-0.539898
-1.005912
-0.131445
0.538739
0.761316
-2.540162
1.028967
0.023738
0.922341
-0.584985
0.006130
-1.060445
2.048527
-0.889072
0.784851
0.320349
-1.032833
0.693318
-0.137268
0.343493
0.525612
0.468384
0.478235
-0.340807
-1.286801
0.133235
0.049043
0.128633
-0.893893
-0.223560
0.031383
0.932102
-0.446948
0.716247
-0.656619
1.121579
-1.401508
0.096143
-0.097481
0.523962
-0.531501
0.718469
0.397007
-0.882509
0.087157
-0.595909
0.652153
0.161196
-0.663189
0.672567
0.640552
-1.343650
-0.241400
0.897776
-0.402093
0.227971
-0.837272
1.834988
-0.911558
0.592567
-1.974662
0.865277
1.102603
-0.418658
0.369289
-0.162595
0.451764
-0.925753
0.579980
0.154593
-0.427921
0.822886
0.720404
-1.608507
1.642244
-2.070688
1.545017
-1.128306
-0.722497
-0.680379
1.182475
0.771425
0.594997
-1.632836
0.384928
-0.484859
0.627308
-1.188918
0.257918
0.074833
0.082200
2.194754
-0.733747
0.132222
-0.494881
-0.525877
1.407852
-1.076054
-0.316074
-0.047798
-0.626480
1.470122
0.701012
-1.165363
-0.670267
-0.068980
1.069661
-0.760449
-0.482665
0.374852
0.578367
0.389513
-0.120379
1.211816
-1.619938
0.491831
