0.000000
0.582945
0.787860
-0.243289
-0.551153
-1.292625
1.677130
0.159465
-1.461828
0.075008
0.032383
0.748909
0.276950
0.659777
0.271523
-1.255915
0.160499
0.192991
-0.980229
0.785463
-0.501239
-0.386553
-0.722989
0.515519
0.786892
-0.667217
-0.635126
0.732798
0.287752
-0.743910
0.070231
-0.333881
0.156677
-0.078358
0.208216
-0.608711
1.044651
-1.105701
0.922762
-0.209921
-0.135231
-0.435853
0.599639
-1.437861
1.095703
-0.400707
1.138363
-0.505119
-0.271849
0.292416
1.658030
-1.874918
0.689776
0.112078
-0.979785
0.531128
-0.048983
-0.559540
0.258807
-0.129371
1.293745
0.455824
-0.451626
-1.343594
0.850787
0.899477
0.622549
-0.419775
1.151640
-1.984015
-0.664332
1.424892
-0.421863
0.756951
-0.849914
1.263732
0.767422
-1.068898
0.983523
-1.296268
-1.120194
1.494085
-0.910843
0.328429
-0.874021
0.432256
0.169616
0.682588
-0.129415
-1.054417
-0.197516
1.022661
0.848142
0.389029
0.441125
-1.473753
-0.683624
0.657953
1.755215
-1.093357
1.387610
0.611199
-0.559258
-0.068467
-0.125317
-0.912337
-0.745315
-0.551979
-0.160805
1.735522
-0.642593
-1.648840
0.262317
-0.598545
0.698525
0.687126
-1.000418
0.165449
1.329579
-2.169901
1.039405
-0.137313
-0.404911
0.094346
0.655834
-1.141657
2.118622
-1.590279
-0.279301
-0.262086
0.514957
1.413409
-0.071513
-1.142446
0.011789
0.248805
0.175952
-0.173485
-0.225148
0.599718
-0.443946
-0.000006
-0.550259
0.957511
-0.109382
1.651643
-1.785501
0.616221
-0.666408
-0.542323
0.197517
0.225029
-0.802536
-0.558799
-0.242239
0.976226
-0.077408
-0.787310
-0.201510
0.205148
0.443741
-0.583767
0.615955
0.434449
-1.188800
-0.508709
1.115159
0.263460
0.841071
-0.382012
1.317233
-0.936002
-0.235678
-1.381235
1.859997
-0.456250
-0.732372
1.605727
-0.430489
0.351384
0.739670
0.706327
-1.788428
1.456740
-0.806786
0.081438
0.369099
0.634600
0.888490
-2.068661
0.502330
-0.847903
0.746542
-0.978445
1.671307
-0.076948
-1.509617
-0.275799
2.510839
-0.362586
-1.530116
1.071326
-0.801088
1.097165
-1.844757
1.917294
-1.194403
0.057635
-0.477769
1.258106
-0.609608
0.098342
-0.201716
0.165172
-0.411916
0.070142
-0.754458
0.284936
-0.220972
1.772036
-1.071553
0.395943
-0.979217
1.285704
-1.363553
0.624712
0.619104
-0.371066
1.314712
-1.680953
1.349970
-0.692540
-1.005032
1.304040
-1.945925
0.106772
0.754534
0.447044
-0.798432
1.438399
0.128380
-1.082760
-0.513190
-0.360865
0.666792
-1.791599
2.174011
-0.743658
2.033188
-1.167466
0.604819
-0.040264
0.350597
0.756160
-1.592543
-2.237243
0.557358
0.396701
1.025863
-1.171594
0.851890
-0.259433
-0.242393
-1.522218
3.334853
-2.166520
1.266858
0.204202
-0.952079
-0.172117
-0.183356
0.744570
-0.024053
0.616981
-0.171869
-0.975679
0.449326
-2.241605
2.731105
-0.807672
0.934287
-0.709228
0.000641
-0.595101
-0.422191
0.373134
1.684271
-1.100727
-0.670713
0.320131
-0.634244
0.744837
0.732596
1.108059
-0.997398
-1.031877
0.708557
-0.991326
1.043354
-1.323115
-0.831896
-0.019072
0.430144
1.033122
0.631220
-1.374796
2.052684
0.140565
0.765351
-0.424778
-1.105066
0.728275
-0.422744
1.046734
-0.554419
0.467675
-0.966484
0.022582
1.896584
-1.759686
0.220919
-0.666927
-0.212918
-0.149719
0.965707
-1.312182
2.397835
1.101041
-1.370026
-1.404634
0.330621
0.731930
0.223770
-1.228529
1.171671
-0.777475
0.417403
0.060127
-1.147773
-0.008083
0.684604
0.033950
-1.812432
0.062666
1.846175
-0.527988
-0.346527
1.836585
-0.778471
-0.529256
0.172952
-0.894403
1.477636
-1.035451
0.039168
-0.096042
-0.071570
-1.078422
1.819162
-1.606239
0.407923
-1.270676
-0.428880
1.658283
-1.020796
0.118406
1.297058
-1.147067
0.374898
-0.086335
1.096659
-0.854265
1.228872
-0.590928
-0.630287
0.869882
-0.740546
-1.125980
1.976476
-0.797589
-0.925310
1.179027
-0.156845
-0.687468
1.500046
-0.450127
-0.320696
1.233056
-1.648069
0.962974
-1.166380
0.761276
-0.160575
0.220860
0.684458
-0.468418
0.111702
0.598106
-1.541950
-0.674126
1.628180
1.908703
-2.988402
1.247159
-0.636066
-0.331347
0.152689
0.458150
1.634229
-1.087815
-0.003794
0.490885
-0.437872
-0.458006
0.956012
-1.391061
-0.372533
1.292017
-0.860074
-0.990998
-0.956508
1.136765
-0.517873
1.349501
0.902790
-0.567533
0.479377
-0.034330
0.788142
-2.503153
2.466995
-0.926284
-1.940634
2.511786
-0.997834
1.951497
-2.430413
1.558257
-0.054130
-2.889062
1.743462
2.465518
-1.693361
0.373733
0.179204
-0.699236
0.323473
0.393328
-1.516621
0.237134
0.099953
0.703883
-1.198394
0.102450
1.353005
-0.592432
0.446516
-1.561138
0.910622
0.328524
-1.529882
1.847707
0.759689
-2.494159
2.869868
-2.583139
1.377241
-0.913056
-0.289409
-0.823909
2.227526
0.272558
-1.461691
1.283095
-0.842684
1.210018
-0.114540
-0.396900
-1.529671
0.700440
1.036869
-3.216130
1.407585
0.043549
0.411087
0.568796
0.615108
-0.810853
-0.402424
0.277302
0.687576
-0.402427
-0.065418
1.953644
-0.384066
1.266521
-2.109850
0.662067
-0.066395
0.968207
-0.482184
0.126324
-1.882110
-0.762928
0.940099
0.735191
-0.527631
0.166025
0.093685
-0.758165
1.729862
-1.108677
-0.518489
-0.459796
1.260359
0.959727
-1.142443
-0.704786
1.266589
-1.159187
0.304621
-1.035285
1.757888
-1.524920
1.687342
-1.238796
1.002844
0.001692
-0.326207
-0.589490
-0.479642
0.070532
2.291391
-0.118969
0.284547
-0.451825
-0.234405
0.217416
0.585823
-0.582212
-0.591617
0.282917
0.948028
0.094396
-1.147744
-0.017283
1.298555
-0.186444
-0.016343
-0.292229
0.230909
-0.653806
-0.957874
1.469399
-0.316555
-0.111002
0.374262
-0.301564
1.058550
-2.284555
2.126164
0.030108
-1.407482
1.461871
0.653743
-1.404347
1.166216
0.305225
-1.018001
-0.600990
0.766861
-1.404872
1.040367
-1.687955
0.554100
-0.279304
1.781408
-0.567408
-0.875194
1.388458
-1.307553
0.210532
0.832210
-0.492320
-0.824298
0.816559
-2.493183
1.441236
0.005183
-0.697548
-1.038173
1.137406
0.042569
1.463396
-1.183229
-0.169675
0.126310
-0.303436
-1.327935
0.337061
0.560083
1.780050
0.277469
-0.203149
-0.330574
0.808725
-1.117499
0.378278
1.308738
-1.007536
-1.224823
1.044509
-0.200095
0.445490
-1.483245
-0.048832
0.072822
0.118798
-0.307951
0.264367
0.641315
-0.013649
0.556357
0.399036
-0.933854
0.025383
0.038857
-0.907741
0.037832
1.540055
-0.803606
0.159596
0.385505
-0.825481
-0.144386
0.015492
-1.134216
-0.230284
0.701325
-0.254250
-1.531792
-1.200740
1.655110
1.274029
-1.785595
0.728395
1.497783
-0.587554
-1.780165
1.649200
0.257971
-0.218839
-0.254938
-0.432131
1.107645
-1.219767
1.030560
1.031130
-1.114836
-0.204064
-1.856619
2.181030
-1.498030
-0.350625
2.202405
1.116837
-0.814089
-0.921070
0.128394
0.941162
0.110346
-2.541076
0.601039
1.383018
-0.335697
0.038053
-1.155267
0.963730
-0.821197
1.489630
-0.760301
0.276621
-0.598839
-0.032785
0.040235
-1.261754
1.396704
0.204275
-0.088403
-0.624583
-0.522945
1.000716
-0.455593
-0.432969
0.890522
0.508214
-0.937927
-0.148593
0.395794
0.376664
-1.271177
1.781733
-1.399780
0.118598
-0.013831
0.135814
-0.584512
1.394218
-0.900061
0.871740
0.048884
0.994273
-0.357635
0.454446
-1.181498
0.802111
0.154844
0.902099
-0.439351
-0.005952
-1.166760
0.240526
-0.404102
-1.298389
1.520115
1.101545
-0.255780
-0.594821
1.393619
-0.961074
-0.810247
0.842846
0.405828
0.138570
-1.297747
-0.477505
0.862942
-0.911579
0.070324
1.119735
-0.481369
-0.052220
-0.682168
-0.851154
0.465083
-0.104826
1.705051
0.068506
-0.949138
0.058455
-0.141208
1.832484
-1.363142
0.856442
-0.882333
0.219798
-0.318513
-0.207033
0.009313
-0.501031
2.229675
-2.170581
1.120212
-0.639867
1.212763
-0.330355
-0.533396
1.470794
-0.588173
-1.696169
0.740909
1.204203
-1.761607
-0.299316
0.946223
-0.249365
0.073480
-0.753625
-0.361647
1.059098
-0.776154
-0.703224
0.284352
-0.978277
2.056784
0.667797
-0.837674
0.679309
-0.357768
-0.096629
0.282886
-0.454124
0.012497
0.705519
-1.608630
-0.520332
-0.209812
1.619374
-0.353358
-1.362324
-0.833908
3.211045
-0.833672
-1.906517
0.793370
-1.025931
0.651861
0.619298
0.052968
0.014801
0.638981
-0.123666
1.537173
-0.588696
0.901513
-0.868729
-0.770665
-0.658279
1.106861
0.844495
-0.380909
-0.244705
-0.048480
-0.203377
0.144144
-0.140506
1.369985
1.229178
-1.441298
-0.167706
0.293723
-0.326792
0.275112
0.067739
-1.887123
0.740055
1.015201
-0.091464
0.164149
-0.593830
-0.707234
1.331249
-2.572850
2.239999
-0.966278
-0.463943
1.602303
0.179997
-1.007190
0.925611
1.489477
-1.270252
0.575922
-1.684964
-0.375415
2.258285
-0.914787
-1.145276
1.007980
-0.549783
3.190211
-1.234331
0.302012
-0.800579
-0.907158
2.382024
-0.991831
0.126374
-2.081963
1.093739
0.797190
-0.604412
-1.259189
-0.556848
1.212467
0.660769
-1.682369
-0.895751
0.221687
1.747590
-0.581171
-0.246087
0.023204
0.715086
-0.547229
0.561538
-0.739224
0.205566
0.866429
-1.072041
1.622803
-2.318699
-0.424889
0.031583
0.398898
0.397906
0.196378
1.085657
-0.175000
-1.957397
1.677293
-1.048733
0.809812
-0.478521
0.198627
-0.134448
0.764721
0.066216
-1.027431
0.411283
0.136729
-0.540608
0.844724
-0.263947
-0.555564
1.370097
-1.371174
1.168734
0.314125
0.812725
-1.031180
-1.597187
0.895116
-0.636750
0.357383
-0.538557
0.946610
-0.641269
1.230190
-0.299048
0.081102
-0.553099
-1.353281
-0.151845
-0.063786
0.888399
0.990173
-1.841374
0.046346
0.236877
0.579577
-1.447426
1.033909
0.702867
-1.098530
-0.040864
0.814312
-0.169801
0.022337
1.140413
-1.486911
-0.140535
0.649975
-0.742234
1.441573
0.631192
-0.251120
-0.358677
-0.657058
0.565454
1.732787
0.197043
-0.744344
-1.898235
0.918562
1.097172
-0.490112
-1.326372
-0.907553
1.391720
-0.642042
-0.824080
0.506829
1.102218
-0.382189
0.350738
-0.530557
-0.140646
-0.434658
1.149745
-0.132894
-1.059800
0.726687
1.545511
-0.702213
-0.345660
0.456468
0.650600
0.527307
-0.804213
-0.526416
0.967284
-1.256463
0.041657
-0.159732
0.383110
-0.814932
-0.063620
0.058085
-0.055765
0.380044
0.673907
-1.103768
1.254764
-0.448300
-0.587648
0.984989
0.170997
0.355345
-0.240227
0.155510
-1.029313
0.759516
0.433686
1.290240
-0.954727
-0.732611
0.132995
0.793888
-0.589906
0.565327
-0.707438
0.603292
1.212552
