0.000000
1.504498
-0.752419
0.127258
0.454480
-1.453394
-0.195629
-0.351332
1.657550
-1.741462
0.598318
0.523327
-1.829282
0.711840
-0.723801
0.312390
2.501381
-0.717340
-1.525069
1.446420
0.256322
-0.378693
1.882419
0.367113
-3.074776
3.296965
-0.556868
-0.427588
-0.525417
0.730289
0.267341
-0.815648
-0.085119
-0.521253
0.865845
-0.013447
2.359012
-0.712152
0.171316
-1.557338
-0.034306
-0.068558
-0.623641
-0.439292
1.732345
-1.647709
1.058798
-0.164033
-1.003787
1.795637
-0.657633
0.242598
0.230488
0.217476
0.770541
0.609127
-0.205934
-0.762715
-0.031225
-1.153781
1.362761
0.060466
-0.059833
-0.221087
-0.647695
0.932650
-0.123436
0.417570
0.029180
-0.480763
0.130537
0.882223
-1.123643
-0.116614
-0.953143
0.532602
0.135305
0.619954
-0.959748
-0.057484
-0.303161
1.235363
-1.511489
-0.170645
0.158560
-0.753497
0.200004
-0.557112
-0.207142
1.102494
-0.835704
-0.028630
0.298756
0.267494
-0.546007
0.037292
0.612465
-1.830585
0.493062
0.886651
1.277681
0.011023
0.174565
-1.137690
1.076577
-0.528423
0.209889
-0.027415
-0.068326
0.339413
0.251623
2.365725
-1.516507
-0.206610
0.032499
0.499655
0.160156
-1.555813
0.484067
0.095353
0.642692
-0.628334
-0.026419
1.214040
-1.951528
0.459591
0.001944
-0.840253
1.219396
-2.582693
1.596147
-1.038180
1.066562
0.024316
0.320178
-0.744298
1.598806
-2.439089
1.051321
0.543884
-3.010253
1.344597
2.189342
-2.272043
-0.502409
2.930790
0.351155
-2.003922
-1.144855
0.491765
2.058984
-0.289366
-0.875044
-0.126741
-0.784106
0.562703
1.288971
-0.477755
0.597629
-0.625824
-0.707205
0.255411
-1.275286
-1.003216
0.178938
1.863204
-1.623618
2.213737
-0.303299
-0.984826
0.271766
-1.163908
0.399573
0.822062
-0.176544
-0.073166
-0.421172
0.774252
0.831837
-1.490953
-0.493628
-0.207391
0.713062
0.619591
0.320278
-0.506458
-0.976593
-0.154185
-0.268305
-0.170315
0.074197
-1.075614
1.935621
-0.930596
-1.756522
0.621832
0.380055
0.589057
-1.217532
1.134791
-0.692877
0.618534
-0.567186
0.489339
-0.265924
-0.655044
1.679096
-0.617706
-0.323744
2.442995
0.539346
-1.383141
-0.358930
-0.488923
0.974543
0.389248
0.020789
-0.813898
0.499474
-0.906472
0.369061
0.709393
0.133134
0.263903
0.047277
-1.316291
0.326271
1.030525
-2.093413
0.264315
-0.028250
-0.847782
2.253637
-0.135510
0.257466
-1.032225
1.293110
0.598302
-0.276780
-0.420506
-0.705372
-0.264103
0.405714
-0.059935
0.192518
-1.084000
0.937168
0.705770
1.014145
-1.603755
0.970071
0.681056
0.286756
-1.395353
0.397440
-0.948834
-1.336231
2.248580
-0.611644
-0.593380
-0.487777
-0.801067
0.283762
-0.659653
1.068491
0.489133
-1.738040
0.169142
0.852439
0.119037
0.836179
-0.753603
0.244687
-0.128293
-0.859314
0.219278
1.286411
-2.093861
0.789151
-0.660005
-0.100155
0.412033
-1.549368
0.918051
-0.383351
0.037288
0.491380
0.131247
0.320051
0.685739
-0.452554
0.102748
-0.157364
0.352830
-2.472867
2.104170
1.878725
-2.198606
1.309052
-2.189851
1.401750
0.335131
-0.780986
0.892567
0.679359
0.530353
1.393488
0.178447
-1.428656
-0.227620
-0.125708
2.576377
-1.349124
-2.129415
0.456447
-0.068498
1.742721
-0.511626
0.612990
-1.962463
0.719095
-1.818924
-0.438678
1.111078
0.055937
0.931102
-0.398002
-0.211809
-0.664948
1.209290
-0.999411
-2.216082
-0.309390
1.346039
0.244997
0.514658
1.833311
-1.170875
0.965623
-1.422760
0.512638
-0.196602
0.757676
0.144117
-0.408075
-1.073922
0.801251
0.385801
1.987359
-1.199381
-0.554476
0.743936
-0.471151
-0.180751
-0.431429
0.031510
0.011622
-0.599464
0.050802
0.282009
-0.432633
0.165999
-0.186615
-1.085831
1.689360
-0.391674
0.812664
-0.398182
-0.205720
-0.031479
-0.637622
0.591133
-0.213243
-0.200490
-0.484229
-0.756018
0.101744
0.137573
1.514566
-0.265705
-0.094798
-1.116738
1.580485
-0.469228
0.485595
-0.960693
3.585662
-1.750191
1.504643
-1.806907
-1.093042
0.508382
1.024493
-1.583376
1.527214
-0.029039
0.354980
-0.266599
-0.516132
0.588277
-0.387784
1.174185
-1.346358
-0.236716
0.924148
-0.086915
0.723835
-0.329843
-1.748263
-0.762700
1.919883
0.379423
-1.718648
0.110602
3.820892
-1.192916
1.190445
-0.397303
-1.233795
-0.449424
-0.169954
0.214241
-0.827348
2.519560
-2.012555
-0.829482
0.767714
0.751175
-0.199721
-0.582992
-1.654944
0.776215
0.317845
0.847691
1.965213
0.270699
-2.536798
1.547862
0.436775
-0.564833
-0.002566
-0.384421
-0.031709
-0.259972
0.650987
-1.454394
0.082118
0.350070
-0.242098
0.534948
0.664310
-0.646641
-0.973790
0.225325
0.427701
-1.955369
1.727964
0.754876
0.961562
-1.160497
-1.004540
0.437963
-0.184692
0.975442
-1.842617
0.730320
0.114047
0.314293
-0.760295
-0.455159
0.330607
-0.112179
-0.170487
-0.871417
1.326597
-0.591557
0.262313
-0.012757
-0.359472
1.878542
0.247013
0.982504
-0.827299
-1.259477
0.087797
0.102992
0.932565
-0.687434
-1.811094
0.387752
0.234731
-0.189709
0.104386
-0.364950
0.964172
-1.616055
0.401292
0.173648
1.228209
-0.559941
0.490237
-1.924074
0.842576
0.606163
-0.511504
0.219860
0.148779
0.813501
0.770360
1.200682
-1.258281
-1.174409
1.221033
-0.838565
-0.596666
-0.011691
0.130111
0.185513
0.267495
-0.928113
0.270317
-0.760247
0.306298
-1.227548
0.587010
0.131624
-0.761227
1.914099
0.108380
0.850095
-1.337878
1.067797
0.064945
-0.068800
0.064799
0.023118
-0.894343
1.191503
-0.028301
1.614694
-1.604744
-1.682483
2.465666
-0.407896
-0.909865
0.380770
1.857969
-1.090180
-1.158584
0.896293
0.761522
-0.259631
0.161409
-2.347497
0.350727
0.013024
0.048882
0.504408
0.311200
-1.057934
-0.164973
0.171900
0.077128
-0.823447
-1.514731
0.408350
1.576937
-1.219088
0.304007
-0.283039
0.235001
-0.193877
0.978403
0.510199
-0.586340
-0.618146
-0.870148
-0.422509
0.608376
-0.482801
-0.126609
0.383819
-0.142088
0.809432
0.222629
-1.157097
-0.193318
-1.646283
0.494131
0.903109
0.443358
-0.169501
2.403400
0.196837
-2.152695
-0.740465
-0.621185
0.746455
0.686497
-0.652659
0.235607
1.835233
-1.556054
0.131995
-0.487285
0.322524
-0.330325
1.782940
-0.976729
0.562352
0.234208
-0.975754
-0.356966
0.140700
2.326292
-0.826496
-1.600804
0.748738
0.532458
-1.560349
1.294855
-1.140091
-0.966563
0.967380
-1.172044
-0.279840
0.613448
-1.108865
1.690769
-1.117223
0.838763
-0.723816
0.553519
0.264387
-0.436672
0.147931
1.519624
-0.460852
-0.728202
-0.207293
0.904698
0.140470
0.044403
-0.914145
1.407911
-1.055013
2.119419
-0.453189
0.104863
-2.078491
-0.128766
-0.201246
0.141947
0.413185
1.003242
-0.446017
-0.462196
0.523562
-0.061662
0.226780
-0.160065
2.564410
-1.891704
0.342902
-0.001445
-0.254973
-1.053275
0.045921
1.272397
-0.615278
-0.940271
1.469468
0.185305
0.812173
-1.480728
-0.216912
0.105882
0.785075
-1.528990
0.402214
0.121262
0.636392
-0.429168
0.223619
0.179379
0.036525
1.184350
-1.329768
0.787206
0.732986
-0.546172
-0.769522
0.012836
-0.015126
-0.068002
-0.275615
-0.573237
0.093147
0.963013
-0.196914
-0.391181
2.435703
0.785493
-0.455993
-2.586397
1.512393
0.333548
0.135955
-1.444765
2.258185
-1.627702
-0.408439
-0.402444
-0.721091
2.041657
-1.493986
-0.241153
0.266007
-1.125428
0.703355
0.907220
0.371664
-1.676812
-0.044298
-0.700073
1.929599
-1.207954
1.782579
-1.253621
1.158686
-1.731690
1.319640
0.813636
-1.122078
-0.589958
0.995406
0.010447
0.747426
-0.392989
-0.573138
-1.428925
0.467811
2.258369
-0.228326
-0.294726
0.028408
-0.200534
-0.152138
0.519657
0.206516
-0.374250
-0.355805
-0.628570
-1.344198
0.961781
-0.255814
1.939861
-1.327854
0.850135
-0.004445
-0.507703
0.670746
-1.030455
-0.012398
0.862795
-0.846557
0.981014
-1.299785
1.028614
0.457413
-0.410392
-1.812987
2.235697
-0.647095
1.184946
-1.591013
1.322750
-0.329334
-0.576704
-0.654358
0.384340
0.024386
0.024648
1.323984
-0.924949
0.237957
-0.025560
0.391171
1.038868
-1.203897
-0.308028
0.230556
-0.035394
1.210382
-0.893659
0.542476
0.348456
-0.443852
0.940343
2.012320
-0.991933
0.838301
-1.083058
0.597608
-1.780875
-0.432974
-0.150929
0.181037
-0.977856
0.350127
-0.696919
0.098512
0.032635
0.786735
-1.436807
0.190131
0.707820
-0.608658
-0.383900
-0.644567
-0.882713
-1.329521
0.240051
1.952508
0.630811
-0.017052
-0.125546
-1.385046
1.308144
-0.740541
1.702997
-1.209029
0.183428
0.132281
-0.109805
1.090627
-0.464699
-0.156545
-0.878646
-0.003084
0.169433
1.285603
-1.262650
-0.379124
1.212368
-0.260236
-0.243488
1.640145
-1.695721
0.004291
0.357411
1.093217
-1.467738
-0.476665
-0.229347
-0.114046
0.349920
-0.665670
1.760246
-1.323977
0.959769
0.730305
-0.895656
-0.479765
0.981510
-0.726929
0.636732
-0.308657
-0.414686
0.071639
0.032858
-0.776257
1.505584
-1.405843
0.910936
-0.684671
0.738262
-1.052565
-0.319251
1.156284
-0.499222
-0.442285
-1.649241
2.074303
-0.363001
0.940150
-0.035817
-0.719571
-0.421655
0.219913
0.178923
-0.075347
1.182776
-2.274510
2.032433
-0.481947
-0.393173
-1.255444
2.784609
0.277111
-1.975430
1.375415
-1.847633
1.737118
-0.859276
-0.552782
2.915029
-1.265753
-0.334614
-1.414299
0.407155
-0.322153
-0.631258
-1.838015
1.412260
-1.476914
1.977018
-0.866256
1.218617
0.534554
-0.969495
-0.167693
1.462589
-0.931280
0.235032
-1.197999
-0.374620
0.304718
-1.784936
1.556251
0.184781
-0.217773
0.856865
-0.646813
0.471566
-0.396987
0.639931
0.849458
-0.550215
-0.129459
-0.018316
-0.435276
1.079023
-1.799873
0.566146
0.441204
0.283455
0.150962
0.420351
1.011794
-0.634512
0.392838
0.357453
0.869814
-2.846518
1.777643
-0.542084
-1.500634
1.193746
0.426319
0.786620
-0.840660
-0.829334
0.175957
-0.363028
0.809020
-1.284537
0.405617
1.817687
-0.694353
-0.679562
0.249185
-0.971847
0.767056
-0.175529
-1.472054
0.437936
0.737762
-0.423501
2.669819
0.851895
-1.106650
0.176255
0.272210
-0.478886
-1.129512
-0.533044
-1.252180
0.398795
0.396273
0.553564
0.523526
1.668539
-1.618393
-0.471475
0.190812
-0.608378
0.112183
-1.054891
-0.596913
-0.451498
0.862396
0.556237
0.158814
-0.715563
1.761842
-1.911441
1.526678
0.817247
0.306614
-1.420508
0.919005
1.184340
0.530214
-0.853688
-0.400075
0.846554
-1.543980
1.188226
-0.905662
-0.817922
-0.438203
0.506408
0.287809
