0.000000
-0.216117
0.745034
-0.620270
0.809397
-1.164827
0.097255
-0.873410
0.913007
1.143270
-0.095905
0.400022
-0.334073
-0.218705
0.578848
-1.210955
-0.332232
-0.514911
-0.110667
1.486780
1.108304
-1.054944
-1.427996
0.792790
-0.945651
0.111194
-0.211261
-0.303976
0.462583
-0.259062
0.868731
-0.091675
0.334849
0.249937
-1.722831
-0.088998
1.221759
1.676073
-0.095283
-2.791169
2.214189
-1.924291
1.892956
0.151550
-0.420959
0.964986
-0.723109
-0.060163
-0.212038
2.075920
-0.565330
0.342710
0.281464
1.308818
0.294724
-0.114966
-0.420313
-0.453842
-0.291237
-0.022645
-1.422387
0.746700
-0.960973
0.290092
-0.294461
-0.490425
0.350867
-1.252462
0.262790
-0.136231
1.442398
-0.079773
-0.661755
0.928877
-0.585004
0.484926
-0.091357
-1.075320
-0.526415
1.704322
-0.173111
-0.253910
0.718099
-2.083722
1.333858
-0.626612
-0.096241
1.019605
-0.133566
-0.314655
0.931332
-1.641323
1.414916
-1.766479
0.249718
0.123231
-0.203013
0.808699
1.890194
-0.975121
-0.743050
1.691970
0.058089
1.927584
-0.079889
-0.909713
-2.489466
-0.033885
-0.405184
-0.193919
0.061148
-0.006986
-0.054455
-0.762404
0.014512
-0.708650
-1.337854
0.743575
0.639326
0.114095
0.660392
0.462548
-0.054886
-0.598878
0.152965
-0.153752
-0.622366
0.039178
-0.629710
0.455316
-0.877628
-0.645213
1.469587
-0.524247
-1.142283
2.262183
-0.914463
0.505304
-1.012349
-0.104403
0.794349
1.132248
-1.821677
-0.808018
-0.148285
-0.646404
-0.994845
0.193396
-0.726715
1.375779
-0.168532
0.671820
-0.337635
0.086390
0.269836
-0.894209
-0.532321
0.080241
-0.097587
1.137778
0.376957
-0.472089
0.696639
-0.229216
-0.458110
0.303438
1.442917
0.243639
-0.120647
-0.001748
0.354649
0.164103
0.727030
-2.426178
-0.253057
0.575905
-1.194374
0.419064
-0.256155
0.755720
0.927439
-1.894463
0.540367
0.364036
0.760734
-0.670931
0.235272
1.215495
-0.099781
-0.377878
1.470532
-1.089546
0.818748
1.451919
-0.282072
-0.825763
-0.851586
0.972528
0.391188
-1.168481
-0.780991
0.411381
0.089421
0.000507
-0.422638
0.934358
-0.732362
0.748889
0.253198
-0.993106
0.058749
0.118920
-0.130745
0.245836
1.076786
-0.077004
1.028147
-1.141246
0.141739
-1.720079
0.521316
1.378484
0.228912
-0.450486
0.484592
0.338384
-0.545195
0.852907
-0.427226
-0.219220
-2.544919
0.877950
0.832399
0.190869
0.184415
-0.600284
0.006906
-0.029814
0.089822
1.475348
-0.385352
1.205694
0.021689
-0.513197
-1.085925
-1.373959
-0.457035
0.178829
0.580249
-0.807205
0.761921
-0.528945
-0.151771
1.011153
0.333057
0.211827
0.572373
-1.466365
-0.028206
-0.278908
-1.357956
-0.082584
-0.171908
0.653780
1.584391
-0.293063
-0.634951
0.174753
-1.127930
1.936739
-0.843884
0.991261
-1.281869
2.159556
-2.352047
0.678220
0.682118
-0.188705
-1.402403
1.517589
-1.392962
0.935671
-0.106612
1.009061
0.073371
1.750696
-0.497433
-0.896805
-0.202473
0.201991
-0.224745
-0.233155
0.863811
1.025358
-0.500007
0.487748
-1.085592
1.291587
-1.084998
-2.964085
0.533094
-0.985101
1.098548
-0.364380
-0.568773
1.478357
-0.245838
0.245671
-0.071377
-0.697923
1.020931
-0.737225
-0.755239
-0.554564
3.237325
-1.889598
0.361443
-1.110571
-0.756639
0.398569
-2.085237
1.900053
-2.128811
1.070230
0.306118
0.674725
-1.121310
1.787093
-0.751896
0.517731
0.865796
1.617687
-0.859257
-0.964049
0.223184
-0.835636
0.986650
0.737274
-0.427060
-0.773562
2.292784
0.329282
-0.388766
-1.268207
-1.373220
-0.030975
0.497833
-0.999452
-1.095286
2.260160
0.440026
-1.204386
-0.068381
-0.817880
0.289708
1.766444
0.367927
-0.438836
0.059336
0.004026
-0.868472
1.050008
-0.530859
-0.038649
1.018614
-0.995363
-2.633024
2.209903
-0.868519
-0.790267
0.265257
0.979233
0.363216
-0.099665
-0.342527
2.321872
-0.774778
-0.545832
0.597661
-0.101656
-0.436522
-0.616361
0.787196
-0.574974
-0.596691
-0.728519
-0.035950
-0.719816
0.327842
0.191968
2.097683
-1.987584
1.970476
-0.646717
-0.536868
-0.105077
0.237593
-0.246044
-0.875336
-0.214723
0.056285
1.071774
-0.315355
-0.080493
0.943919
1.443780
-1.010852
0.034791
-0.606397
1.481515
-1.504351
1.490422
-1.317021
-0.018135
-0.790100
-1.041021
2.102501
1.256081
-0.492528
-1.902260
0.322318
0.436274
-0.911442
-0.623023
-0.936880
0.199475
1.943949
-0.439165
0.243829
-1.555318
0.846856
0.766538
0.817336
-0.314143
-1.005546
-0.429695
0.098145
-0.233401
1.199077
-2.083820
-0.230210
1.177500
0.571543
-1.167773
0.430381
1.119036
0.973855
-0.265995
0.889307
0.137904
0.699216
0.421058
0.323335
-1.783405
-0.024639
0.197133
1.012312
-1.685515
0.236806
1.002585
-2.280248
0.086320
0.714843
-0.044895
0.641786
-0.152942
0.588530
0.042255
0.010872
0.635819
0.878787
-3.589102
0.759018
-0.221749
-0.663085
1.677521
-3.009788
0.751171
-0.243580
-1.067503
-0.091128
2.108860
-1.161679
1.412672
-1.118141
1.210482
-0.517519
0.368215
-0.645227
2.107172
0.352397
-2.817816
0.907827
0.303218
1.213063
0.063044
0.778663
-0.907990
-0.439716
-0.539434
0.701865
-0.417547
0.389994
-0.634125
-0.425224
-0.644452
1.614345
-0.295152
0.271190
0.323401
0.429556
1.220256
-0.615948
-1.235476
1.432313
-0.146634
0.270168
0.756526
-0.010876
-1.379781
0.631026
-0.038251
-0.539670
1.519602
-0.790653
-0.612981
0.347497
0.504490
0.087914
-0.993675
0.645379
-1.131414
-0.465572
0.154438
1.777621
-0.942001
-0.109235
0.183542
0.778610
0.292629
-1.009141
0.112650
0.240305
-0.569920
0.321530
-0.454725
0.033947
1.395694
-1.279075
0.821378
-0.865827
0.171449
0.574798
-2.202509
-1.375271
1.305360
1.291833
-0.950789
0.043465
0.165995
0.467871
-0.372701
1.651143
-1.534612
-0.252989
0.749284
1.022843
0.444371
-0.036644
-1.692246
-0.206573
1.494735
1.334307
-1.103009
1.040363
-0.029691
-0.102028
1.000294
-0.623525
-1.192947
1.463899
0.256631
0.456618
-0.953393
0.606014
-0.241946
0.605001
-0.566338
0.432162
-0.544454
-1.361816
1.518578
-0.959377
-0.170468
0.369703
0.696202
-0.128880
1.061677
-0.696735
-1.056353
-0.797848
-0.118792
0.442410
0.086336
0.771244
0.254921
-0.445039
1.280008
-1.472843
0.005866
1.353869
-0.647453
-0.354686
-0.553107
-0.588744
-0.766631
1.531422
-3.361879
1.339753
0.551652
-0.101204
0.033103
0.037708
-0.069943
0.407558
0.198064
0.808128
1.866336
-1.906094
0.797871
-0.065539
-0.209624
-0.926790
0.523129
0.767149
0.338022
-0.779151
0.525208
-0.622605
0.762084
0.390600
0.581245
-1.187152
0.411601
0.050035
-0.125354
1.508906
-0.879512
-0.037030
-1.236597
1.899846
-1.377919
0.739259
0.072058
0.143776
-0.908423
-0.866374
-0.932556
-0.033074
0.162853
-0.404302
1.700755
0.207510
0.233378
0.937865
-1.353867
-0.476428
-0.037870
0.455889
0.473377
-0.957126
-0.116070
0.397984
-0.193821
0.936359
-1.651671
0.807201
-0.331156
0.632670
1.240522
1.004342
-0.482099
-1.915406
0.068561
1.255272
-0.061598
-1.100132
0.634235
1.177562
-1.621006
0.535119
0.059018
-1.132365
0.568050
0.698973
-1.175005
-0.369063
-0.316244
0.740600
-2.005829
1.859921
0.352092
-0.448366
-0.368254
1.153352
-1.446078
0.341565
0.568550
-0.737162
0.378642
1.069621
-0.308853
-1.276795
0.351743
-0.528419
0.135442
-0.223009
1.668419
-0.957039
-0.339660
-0.037480
-0.013237
0.194049
0.070051
0.863204
-2.238873
0.464987
-1.004994
1.674180
-1.408710
-1.258386
0.581479
-0.035707
0.378351
0.065422
1.398083
0.435820
1.669828
-0.586013
2.908382
-0.562987
-0.101123
-0.689320
0.212376
-0.623255
-1.188044
0.977935
1.568902
-1.202738
-0.850690
1.289504
-2.073025
1.604423
-1.009944
0.364838
-0.422148
0.549489
0.617611
0.590546
-1.622294
0.668069
0.071516
0.497266
-1.523627
0.844656
-1.450203
1.852219
-0.814896
-0.904767
0.663954
0.356918
-0.573501
0.067386
1.755994
-1.060360
0.371912
-1.138454
0.008749
0.962545
-0.196230
1.330929
-1.308924
-0.086037
0.294122
-0.559906
0.592984
0.965517
-1.881333
-0.076747
-0.467727
1.040625
-0.333124
-1.047287
1.194364
0.179248
-0.990969
-1.031040
1.208040
-0.183574
-1.174909
2.809507
-1.485670
0.227824
0.197210
-0.332635
0.051003
0.683066
-0.942126
-0.041607
0.868773
-1.068671
0.995889
0.716505
-1.246842
-0.036939
0.090227
-0.599349
0.513986
1.416062
-1.592707
0.545381
0.319988
-0.974789
-0.420054
-0.554651
-0.026850
2.485661
-1.283965
-1.198338
-0.912771
0.092262
-0.684843
1.688128
0.830303
-1.812313
0.587580
0.026569
0.935632
0.755988
0.294991
-0.231029
-0.041424
1.228313
-0.538651
-0.094736
-0.280726
1.118759
-0.491159
-0.497943
0.678223
-0.466295
0.202658
-1.106815
0.705813
0.898352
-1.380294
-1.986575
0.380044
-0.415459
-1.409336
3.316572
-0.495295
0.700443
0.176636
-0.812395
0.209867
-0.021471
1.376989
-0.102885
-2.260689
0.823960
-1.313261
1.244052
-0.728016
0.716634
-0.399201
0.812964
0.712643
0.248514
-0.185313
0.133753
0.224338
-0.585194
-0.772233
-0.704502
1.068655
1.165564
0.686668
-0.953162
0.017417
-1.568648
1.398038
-0.393826
-0.853432
1.508553
-0.606044
1.414671
-0.007390
-0.539171
-2.372149
0.414349
0.899517
1.193451
-0.266724
0.380341
-1.838532
2.043268
0.641654
1.170853
-2.857055
-0.219406
0.480823
-0.199772
-1.132580
0.685222
0.602922
-1.374095
0.290012
1.009568
-0.494841
0.922502
-0.704360
0.535043
-1.388859
0.247554
0.836732
-0.302254
-1.008327
1.510520
-0.750474
-0.104582
-0.032559
0.326286
-0.208257
1.021282
-1.358533
-1.489332
1.082855
-1.736599
-0.030133
0.230309
-1.473356
0.654814
1.148089
0.224903
0.014357
0.849440
-1.404140
-0.226019
-1.138792
-0.820376
1.823109
0.886652
-0.427432
0.685900
-0.659704
-0.249803
0.684592
-0.041088
0.572191
-0.407030
-0.060673
2.147918
-0.968500
-1.527467
-0.079173
-0.015942
-0.698827
1.017421
2.104784
-0.806456
-0.137211
0.245844
0.920772
-0.784997
1.095191
-0.703831
1.914354
-2.092727
0.753484
-1.749179
-0.383313
0.600493
-0.820483
-0.229246
-0.395535
0.377462
-1.216532
3.892121
-2.648288
-0.021096
-0.656961
-0.132110
0.191025
-0.412124
1.219675
-0.405143
1.481213
-2.170749
1.699208
-1.795030
0.782883
-0.452484
0.615781
0.582267
-0.565749
-0.162078
0.083867
-0.162634
0.728375
0.564191
-0.221946
0.902002
-1.160515
-0.720394
0.841853
-0.512025
-0.422902
0.461334
-1.006614
0.622674
0.984994
0.230456
0.560037
