0.000000
0.050990
-1.195087
-0.071832
-0.256449
-0.975075
0.279949
0.683453
-0.658275
-0.559646
-1.230003
1.394029
-1.822937
2.626267
0.673229
-0.329054
-0.146097
-0.920557
0.713485
0.261091
-0.193947
-0.075106
0.802534
1.144093
0.700031
0.083096
-1.153327
-0.892958
-0.316146
-0.821745
0.964809
-0.285480
0.937913
0.571682
-1.037802
2.996653
-1.322425
-0.218489
0.580866
-2.010379
-0.062273
0.188473
-1.033257
1.224364
0.978843
-0.325217
-0.771957
-1.182159
0.834496
-0.014509
-0.820199
-0.067237
1.922844
-0.406743
0.518026
-1.099751
0.943264
-2.379310
0.898805
0.777640
-1.250603
0.571194
-1.028894
1.693253
-0.906728
-0.564972
0.164792
0.117017
0.732753
0.172392
-0.900596
-1.981600
0.704787
1.155431
0.454911
0.548830
1.342104
-1.550523
-0.012998
0.983967
-1.001125
-0.189119
0.819753
0.693975
-1.401333
-0.544370
1.024599
0.329036
-0.134121
-1.642211
0.844853
0.372597
-1.132873
0.462820
0.873166
-0.391269
0.155629
1.321047
-0.504016
0.304095
1.321375
-1.042450
0.348393
1.084037
-0.696230
-0.378955
0.321331
1.530879
-1.133103
0.682166
-0.695113
0.860916
0.283191
-0.775630
1.015819
0.439865
0.178797
-1.058119
-0.841333
2.391387
-0.205211
0.036695
-2.175399
0.596553
-1.127770
1.161260
-1.800007
1.146517
-0.284585
0.997941
-1.396433
-1.348405
-0.023373
1.696637
-0.643393
0.519971
2.428762
-0.317105
-2.809733
0.435803
-1.462336
-0.248518
1.040087
-0.522829
0.540408
-0.509963
2.448591
1.061389
-0.155145
-1.570077
0.181244
-0.613149
-0.682522
-0.825265
-0.039622
-0.086299
0.403676
1.607703
-1.831944
0.028443
0.535537
-0.844210
0.008892
1.520817
1.001027
-1.759670
-1.307810
-0.222051
-0.020567
0.311613
1.580366
-1.274667
2.505037
0.187346
-0.810699
0.485164
0.281061
0.074525
-0.131606
1.417135
0.828683
-0.716702
-1.285077
-0.965540
-0.320473
0.439022
-0.451436
-1.196822
0.860081
-0.283781
0.601841
0.938494
-0.485398
-0.730321
0.817964
0.622028
-0.809128
-0.656334
-0.063371
0.152321
2.445461
-1.427299
-0.953664
-0.302282
0.233560
0.724381
0.004445
1.216724
-0.598271
-0.144196
0.318084
-0.586845
1.317785
-0.974031
-1.121341
-1.614035
1.362001
0.835968
-0.318397
-0.118892
-0.007963
-1.387857
-0.124471
0.306650
0.649448
-1.358338
-1.649205
1.899336
0.062741
-1.419581
-0.130619
-0.017123
1.767590
-0.394239
-0.040472
-0.331845
0.300549
-1.407332
1.684614
0.326493
-1.294736
-1.602285
0.457351
0.313528
-0.026480
-0.689681
-0.447517
0.794342
0.934751
0.347766
0.928559
-1.417845
-1.015542
1.949990
-1.226776
1.037715
0.049900
1.469899
-0.301109
-1.094378
-0.533115
-0.501757
0.806828
-0.485172
1.352609
-0.483180
0.050885
-1.259685
0.313096
0.445877
-1.133889
-0.457589
0.544231
0.055019
-0.383527
-1.092506
0.919842
-0.628136
-0.561888
0.252031
0.814531
0.473605
1.443104
-0.592699
-1.149279
0.659102
1.097843
-1.215405
-0.054225
1.213679
0.214673
-1.866655
0.751992
-0.965969
1.220885
-0.205634
0.768054
-0.182524
-1.389253
-1.443119
2.078906
0.103831
-0.031979
-0.145758
0.189861
0.300367
0.421576
-0.165846
0.599231
0.924282
-0.329712
0.130086
0.481433
0.374092
-0.692429
-0.348213
0.527398
1.329608
-1.111046
0.704450
-2.094042
0.477192
2.095744
0.217538
0.023302
1.214176
-0.078844
0.608294
0.093135
-0.559318
0.767080
0.155568
0.376816
-0.259258
0.707071
-0.301127
0.789332
0.583338
0.043334
-0.475361
0.653667
-1.691871
-0.405540
0.353022
-0.665438
-1.619353
-0.329493
0.279219
1.350055
-0.221194
-0.309930
-1.005737
1.086906
-0.299719
-0.666272
-0.495682
0.505477
-0.824543
-1.084930
-0.632650
0.262102
0.054203
1.355822
0.003807
-0.251476
0.745031
-2.532069
-0.221274
-0.194939
0.378842
1.239559
0.043678
-2.472801
0.392142
-0.840569
1.281794
-0.074184
1.022405
0.800816
-0.486274
0.554217
-0.332394
1.234258
-1.169202
0.373119
-0.671114
-1.085708
0.643031
1.055200
-0.412071
-0.241644
-0.342398
0.286978
-0.954171
2.013497
-2.217217
1.530998
-1.194819
0.931546
-0.024196
-0.115287
1.649430
0.810793
-0.939919
-0.367211
-0.762953
0.226927
-1.135456
0.126872
0.863494
-1.216437
1.770655
-1.015051
-0.863532
1.007527
0.111678
-0.280056
0.110963
0.808153
-0.101813
0.350516
1.059174
-0.143284
-0.117826
0.994728
-1.121976
-0.763635
1.144281
-0.572799
0.769313
-1.020962
-0.436397
0.779957
1.367960
-1.492177
-0.680712
1.985742
-1.235205
-0.009413
1.652877
-0.413037
0.611716
0.258003
1.243114
-0.481734
-0.923491
1.821427
-1.118814
-0.599754
-1.460548
0.797041
-0.439719
0.933785
0.263957
-0.132022
-1.586200
-1.163172
0.374773
1.320352
0.208621
0.179755
1.959738
-2.389434
0.258596
1.031990
0.533799
-0.928014
0.772126
0.361300
0.570502
0.604013
0.081770
0.761924
-1.008687
0.338663
-1.195673
0.701494
-0.368800
-1.811434
-1.885144
1.775428
0.071318
0.006696
0.284736
-1.453589
0.988837
0.191753
-0.186502
-0.742496
-0.313105
-0.766343
0.918981
-0.769870
-1.092818
0.368673
0.906151
0.645955
-0.375925
0.924230
1.122136
-1.936061
0.395553
-0.039479
-0.095939
0.353011
-0.220307
0.431303
-0.499828
1.093451
-1.219871
-0.466705
1.608793
0.586079
-1.155230
-0.742876
0.977079
0.402648
-0.351413
0.163912
-0.314094
-0.282101
-0.577552
-1.130351
-0.008817
-0.924377
1.081550
-0.677942
-0.241670
-0.299641
0.873124
0.549851
-0.960307
-0.222709
0.000949
-0.610536
-0.105153
-1.175934
1.928582
1.362513
0.928955
-0.530283
0.551135
0.220234
-1.822963
-0.554361
-0.807617
1.071834
-1.279819
-0.073976
-0.744715
2.288901
-1.445039
0.447313
1.802933
-1.969900
0.422888
-0.100094
1.617182
-2.199850
0.885406
-1.000868
0.115092
-1.236458
0.422876
-0.213531
0.273131
1.991781
-1.548770
-0.201687
1.000979
-0.743450
0.741151
0.383207
-0.922154
0.655478
0.741940
-0.403157
-0.045888
0.104105
0.024317
0.276425
-1.350500
0.263233
1.004817
-0.437026
1.883256
-1.854435
1.757141
-1.142177
-1.417198
0.119510
0.782258
0.444938
-1.179835
-0.996274
0.803722
-0.488751
1.927913
-0.149003
-0.913949
0.902109
-0.934780
0.498246
-0.482355
-0.201441
0.201254
0.726671
-2.066404
1.113940
-0.535274
0.166768
-0.709135
2.073549
-0.341299
-0.761558
1.163720
0.510017
-1.411005
1.332765
-0.937231
0.928659
0.572331
-1.413277
0.896203
-2.528567
1.447878
-0.349238
-0.723307
0.746426
-1.157028
1.236258
-0.931833
-0.251611
1.605758
-0.535940
-0.074144
-0.252310
0.534930
-0.290200
0.112489
-0.660488
-0.726070
1.706854
-0.543600
0.653753
-1.736337
0.239523
0.149907
0.267333
0.601678
-0.134172
-1.365018
0.197958
-0.826377
-0.787004
0.424612
0.964676
-0.338782
0.118941
0.999150
-0.424855
-0.200515
1.016029
-2.278546
0.999468
2.620494
-2.277890
-0.782217
0.069039
-0.888660
0.619240
0.539020
-0.318610
0.744377
-0.547995
-0.220329
0.539680
-1.239045
0.459984
0.996083
0.296098
-1.034633
-0.470351
0.352075
0.250023
-0.823874
-0.572025
2.196297
-0.934218
1.425190
-0.116902
0.271756
-1.441044
0.803101
0.717115
-0.231529
-0.821890
0.292232
-1.408728
0.634470
0.629594
0.371257
0.019861
-2.814989
1.686566
-1.451119
-0.148859
0.231334
1.047093
1.106911
-1.243109
1.510908
-1.213035
0.818061
-0.975633
1.483698
-0.140284
-0.484383
-0.914919
0.631260
-2.253983
1.050744
-0.955135
1.357169
-0.625800
-0.665008
0.784337
-0.954230
-0.819756
1.291560
-1.227282
1.584694
0.295184
-1.457035
0.937274
-0.682042
1.173332
-1.110385
-0.336251
-0.517042
-1.212061
-0.710515
0.358992
0.836726
0.115095
0.750229
0.418757
-0.319097
-0.101334
0.779869
-0.053944
0.253654
0.150717
-1.351080
0.198156
-0.936193
-1.046125
0.463093
0.693718
1.387402
-0.576350
-1.969704
0.242289
0.242443
0.926228
0.547294
0.864527
-1.776224
0.678689
-0.206373
0.965654
-0.047011
1.060765
0.531351
-0.628223
-1.354200
1.881059
-0.898895
0.072048
1.310238
0.960173
-0.635501
0.271914
-2.658006
1.372084
-1.246878
0.918995
0.928421
0.756684
-1.369076
1.354641
0.879507
-2.193233
-0.486549
-0.310459
1.493561
-0.251507
0.793108
0.395220
-1.536996
0.363241
-0.994687
1.851029
0.947333
0.219341
0.261190
-1.056362
-0.665796
2.394762
-0.741272
-0.929258
-0.236106
-0.428664
-0.703633
2.617143
-0.982439
0.642710
-0.319326
-0.316921
-0.000732
-0.322637
-0.896876
0.389860
0.936476
0.936119
0.145777
-1.552182
0.607628
0.877836
0.022977
0.888478
-1.017951
0.565178
-0.361144
-0.253978
0.536004
1.817131
-0.699397
0.583245
0.734164
-1.414941
0.383719
1.276001
-0.721131
0.416492
-1.226935
1.363106
-0.975634
-1.088889
0.242690
0.389176
0.587037
-1.173676
0.066549
0.077702
0.930828
0.395394
-0.152302
1.207230
-0.523331
-1.061001
0.649103
2.060300
-1.849332
0.350268
-1.073964
-0.548462
0.800995
-0.634427
-0.458055
-0.904831
-0.667907
0.093849
2.108519
-0.948341
0.016871
0.558885
0.483314
0.631398
-0.115352
1.223852
-0.981133
0.203378
-0.087126
0.310987
1.328540
-0.549270
-1.391312
1.051669
-1.080998
0.459051
0.666299
-2.684019
0.101637
-1.464031
1.547044
0.080562
-0.521972
1.450257
-0.271132
0.201522
-0.278020
0.910921
1.751533
-0.044613
0.688216
-0.551302
-0.394825
0.743031
-0.749489
-0.555300
-0.059644
0.940629
-2.295947
-0.893874
0.761769
1.758253
-1.554842
0.866256
0.641603
-1.627776
-0.233498
1.756590
-0.287141
-0.815114
-1.131185
0.993290
0.646431
-1.084606
-0.361240
2.294023
-0.598684
-1.315114
0.449100
-0.233465
-1.393923
1.060588
-1.070181
1.541067
0.910362
-0.616964
0.308705
-1.649116
0.075964
0.905039
0.723649
0.337434
-0.444239
0.893678
-0.833105
0.340639
0.040692
-1.276732
0.562216
-0.048459
0.114159
-0.357315
-2.724953
1.324800
0.252829
2.196843
-0.670921
-1.206529
1.357056
1.024530
-1.084324
0.479700
0.285929
-0.193511
1.092744
-0.436000
0.008460
-0.715405
0.822498
-1.429739
0.306200
0.983768
1.046599
-0.973051
-1.660984
0.768531
0.898085
-0.093170
1.216118
-0.010005
0.307907
-0.101283
-1.561064
1.146047
-0.384560
-1.113781
-0.022416
-1.001599
0.643866
-1.537940
1.289807
0.779306
-0.179283
-0.933184
0.502784
0.261449
0.129075
1.088266
-0.318412
1.572187
-1.708462
0.362664
-0.334419
0.307952
-0.732420
-0.211748
0.371442
0.490176
-0.937589
-0.834857
-0.542165
-0.964614
2.812744
0.937617
-1.589116
-0.646576
0.035683
1.303194
0.206847
