0.000000
1.374799
-3.556657
2.238920
-0.067466
1.141335
-1.196031
-0.382137
0.820439
0.388783
-1.958700
0.369772
1.574676
-0.388339
-0.876056
-0.895890
1.655738
-0.333880
-0.934894
-1.342209
0.411109
1.703613
-0.114265
0.702715
-0.934692
0.907995
-0.420409
-0.561224
-1.431600
-0.579778
0.024073
0.683627
1.185424
-1.232457
-0.435491
0.971370
-0.588063
-0.468440
3.375562
-1.974630
2.229115
-1.436166
-0.067575
-1.059981
0.720516
0.207774
1.124015
0.142327
0.264295
-0.493566
0.379710
-0.704752
0.689467
-0.309867
0.710644
-0.016848
-2.173224
1.410100
0.741895
-1.415598
0.131589
1.585262
-2.750541
0.190097
-0.651027
-1.033174
0.381833
-0.118414
1.125084
-0.680180
-1.340739
0.545338
-0.369389
0.711607
-0.766500
-0.927857
2.513246
-0.700924
-0.800590
1.320914
0.461240
-1.180317
1.280120
0.214114
-1.365348
-0.500585
0.230633
-0.476268
-2.460755
0.995147
-1.611689
0.767334
1.128255
-1.472134
-0.707240
0.755318
-0.882723
0.186384
1.436198
0.209970
0.376513
-0.647756
-1.106965
-0.350671
0.417798
0.539283
-1.484774
-0.715886
1.110125
-0.515351
1.196701
-0.791311
-0.271925
0.478692
0.083606
-1.903021
-0.217172
0.416436
0.244790
1.068800
-1.652601
1.877235
-0.568660
0.763635
0.035686
-0.301597
-0.644261
0.242275
-1.160682
0.337345
0.362074
0.243454
1.465044
0.719096
-0.066303
0.299937
-0.589617
0.063127
0.455968
-0.495735
-1.579222
-0.369164
1.755466
0.053215
-0.324400
-0.325574
-0.042405
-1.189169
-0.114190
0.321769
-0.912973
1.014748
-1.166797
0.818236
-0.302489
-0.183326
2.030483
1.177445
-0.411168
0.078350
0.198348
-1.537279
1.011539
-0.772520
0.311342
0.248355
-1.644588
1.458678
-1.121955
1.415569
0.152195
1.012151
2.559468
-0.856833
-1.935398
1.347679
-0.339753
0.101345
-0.928810
-0.504350
0.259768
1.751066
0.206007
1.604996
-0.732297
0.540479
1.369070
-0.055210
-1.306246
-0.092471
-1.591218
-0.774027
-0.511421
-0.620474
0.255252
0.344551
-0.437025
1.091535
-1.398003
0.644943
-0.391937
-0.212348
0.396426
-0.518371
-0.767866
0.579330
-0.319177
0.829582
-0.813951
0.788172
-0.466462
-0.057284
0.292142
0.945593
-0.265260
-1.334009
-1.098001
-0.217669
1.352127
-0.299910
0.247561
0.901634
0.427741
2.807473
-0.005744
-1.413744
0.160276
1.368943
-1.878451
0.954809
1.714128
-0.778059
-1.383195
-1.236548
1.368531
0.647070
0.262331
0.330000
-1.616727
1.797014
-0.502823
-1.561067
-1.608218
0.639956
0.590216
-0.291228
-0.118212
0.435009
0.267652
-1.241619
0.419106
-0.558379
0.654026
-1.001185
-0.022730
2.070142
-0.352301
-0.248792
0.050038
1.725504
-0.023054
-0.764240
2.086291
0.056511
-0.961112
0.095904
0.568189
-0.374983
-1.051954
-0.612048
0.215855
0.028182
-1.529293
1.179362
0.415289
-0.444331
0.123646
-0.932309
-0.650964
1.322743
-1.074080
-0.002297
0.907350
-1.316599
0.345259
0.315732
-0.563978
1.585785
0.335303
-0.036569
0.875323
-1.559204
1.107377
-1.471528
0.767438
-0.997963
2.865609
0.251003
-1.863809
-0.264367
0.244034
0.890651
0.376800
-0.013700
-1.027949
0.230528
0.055839
0.857263
-0.811409
-0.790829
-0.907296
-1.728530
1.397596
-0.656206
0.323839
-0.305001
0.978951
1.481472
-1.449567
-0.013280
0.345257
-0.782665
-0.679156
-1.013295
1.017731
0.492359
0.470801
-1.232722
-0.258940
-0.595276
2.491461
-0.758350
-0.430677
0.932665
1.018572
1.122869
0.711534
-1.010957
-0.897627
-0.533848
1.279738
0.505227
0.662622
-1.669586
-0.539385
1.011518
-0.751039
-0.624508
1.077451
-0.645177
0.941474
-0.454466
0.141745
-0.883987
2.375456
-0.839937
-0.507724
1.177724
0.208547
-1.420318
1.005315
0.005752
-1.114933
-1.358139
-0.486268
0.051474
1.026912
0.384907
-0.183903
1.644785
-0.505853
-0.990528
-0.460451
1.466904
-0.094632
0.316090
1.433261
0.960474
-1.632687
-1.799673
0.048955
0.746302
0.676582
-0.113256
1.126409
-0.375064
1.023226
0.459542
1.089394
-2.181216
-0.969531
-0.205234
0.078994
-0.646505
-0.490081
0.655456
-1.710081
0.572184
0.049758
-0.234199
-0.973672
0.699616
-0.760431
0.796354
0.455153
-0.818241
0.938473
-1.086422
0.061156
-0.690792
0.035496
-0.335904
0.904293
-0.317778
2.023292
-1.876404
1.327523
0.219397
-1.747046
-0.993811
0.624210
0.666121
-0.572630
-0.843289
-0.562052
0.746849
0.390401
-0.151020
0.174810
-0.156976
-0.396558
1.563944
0.201017
-0.084477
-0.449680
1.703938
-2.498595
0.932905
-0.131111
-0.441121
1.452957
-0.263825
0.095606
0.244782
-0.354172
0.360287
0.838678
-0.008436
-0.146613
-1.083806
0.831086
-0.363488
-0.118337
0.369332
0.570831
-2.413443
0.634078
0.777978
-2.257420
1.434194
1.349663
-1.731135
0.400736
-0.657132
1.673504
-1.348617
1.525969
-0.224279
-0.400476
0.348931
0.829648
0.090173
-0.785695
-1.273411
0.519588
0.605595
-1.747249
0.586493
1.442084
-0.492860
-0.952552
0.691080
-0.881355
-0.439051
-0.114719
-0.504190
0.797110
-0.220358
-1.778845
-0.149995
2.458940
-0.876035
0.275657
-0.802420
-1.000986
1.295899
-0.578702
-0.020795
0.984757
-0.739298
0.250518
1.969884
-0.561410
1.062702
-0.239935
-0.086510
0.082461
-0.821975
1.455384
-1.113840
1.515102
-1.768237
0.676172
0.485253
0.248786
-0.910970
-0.303305
-0.225236
-0.245453
0.078909
-0.178515
0.115756
1.092599
0.469444
-0.821503
0.978988
0.596974
0.566925
-1.030106
0.012778
-0.387481
1.621263
-2.118091
-1.520995
2.089807
-0.831902
1.768375
-0.768466
1.412875
-0.505711
0.664430
-0.493926
-1.084102
-0.134571
0.563152
0.075510
0.458800
1.971433
-1.229202
1.511721
-1.953469
1.378463
-1.920470
0.669346
0.117589
1.024787
-0.697322
-0.778869
1.243084
-0.633130
1.598073
0.274000
-0.684392
-1.894633
0.599503
-0.345362
-0.048783
-0.510830
0.537296
-1.818793
-0.281777
0.509033
0.383838
-1.137018
0.702498
1.281504
-2.703092
0.156952
1.697386
0.101068
0.302585
1.947164
-0.835152
-0.122418
-0.889337
-0.329617
0.260659
1.317671
-0.486912
-1.285224
-0.877184
0.276921
-0.736955
0.251189
-0.477343
-0.724295
1.461384
1.256217
0.105121
0.566831
0.793110
0.303420
0.487860
0.912191
1.400657
0.200415
0.771084
-1.948808
0.352031
-1.808992
-0.597679
1.099783
-2.185402
-0.335697
0.417018
2.910382
0.208853
-0.012627
-0.159540
1.719861
-0.571889
-0.587711
1.258131
-0.831184
-0.344078
0.591434
0.589839
-1.431787
0.848180
-0.690403
0.476333
0.917800
0.913560
0.046141
2.587554
0.261689
-1.456453
1.153450
0.308343
0.319360
-0.156791
-1.417791
0.119574
-0.192063
0.357139
-1.261787
-0.286591
-1.362176
-0.641121
0.259019
1.562286
0.017436
1.358669
0.014369
-1.859398
0.689610
0.020681
1.628789
-0.082819
0.080919
-1.720403
1.781384
-0.543566
-0.332094
2.370899
-2.099962
0.367641
-0.219979
-0.938134
1.056527
1.546670
-1.019736
0.006013
0.021495
-0.188642
-1.744784
1.352122
0.504459
-1.123090
0.817102
1.003365
-0.547839
1.764852
-0.545835
1.080829
-1.307641
1.020431
-0.610320
0.144423
0.169811
-2.517035
0.463971
0.561327
0.434336
1.538356
-0.881286
0.909414
-0.209853
0.882843
-0.643583
-0.345486
0.342550
-1.357651
0.650225
-1.327795
-0.732975
0.569774
-0.110502
0.215600
0.219344
1.025851
-2.338261
1.336727
0.625627
-0.570952
0.214943
-0.377122
-0.420234
0.816210
-1.851010
-0.351510
0.658788
0.331347
0.043562
0.343654
-0.139410
0.585904
-0.071247
0.423649
-1.945492
0.843136
-0.971293
0.614570
0.196098
-0.806799
0.420496
-0.640539
-1.369791
-0.089273
0.704108
-0.004765
0.373736
-0.318956
-0.156981
-0.409608
-0.372511
1.814148
-0.300055
0.560059
0.279693
0.810525
-1.702530
0.392172
-0.222144
0.830280
-1.486089
-0.156162
-0.611566
1.359566
0.246958
-1.163064
0.345322
-1.524840
1.039736
0.777937
0.451928
0.267304
-1.185671
0.236606
-0.498804
-0.312070
-1.511202
0.454571
1.642381
-0.387003
-1.125601
1.661952
-0.493149
1.499448
-1.280030
-1.516720
1.332391
0.184996
0.401434
-1.186888
-0.589533
-0.541951
0.560423
1.313341
-0.419654
0.208626
0.457526
-0.201103
-0.368216
0.339042
1.410161
-0.749906
-0.035748
0.184728
0.723248
-1.272199
0.782408
0.625824
0.760065
-1.202921
-0.611856
-0.754510
0.138891
1.656801
1.192078
-1.679641
-0.078269
0.651154
-0.657767
-0.321749
0.690781
-1.550087
0.158740
-0.726194
-0.271473
0.766139
-0.280699
0.130223
0.842322
-1.323005
1.045670
-0.813053
2.690805
-1.716245
0.010746
1.417632
-1.560227
0.076935
-0.033765
0.178290
-0.797856
-0.734017
-0.132792
0.643842
0.778922
-1.512585
1.534785
-2.404996
1.305948
0.176534
-0.253237
0.699371
1.377557
-1.168420
-0.050999
0.319044
0.754477
-1.757514
-2.296143
1.422325
-0.999852
-0.227600
-1.055625
-1.854709
-0.067729
-0.776782
0.538914
1.051018
-0.604244
1.964649
-0.970014
-0.236947
1.625730
-0.139962
-0.333074
-0.190867
0.898441
-0.037758
-1.067353
-0.838671
1.310437
-1.904309
0.395194
-2.886431
-0.824001
2.875260
-0.838914
-0.952355
0.434602
0.671954
0.026487
0.697510
0.021952
0.629978
0.093167
0.022003
-0.256703
-1.081543
-1.167148
-0.147642
1.035206
-0.920000
0.605232
0.387797
-0.503927
-0.696157
0.431749
0.338156
-2.192116
0.763500
0.002494
-0.440187
-0.655883
2.337455
-0.788684
2.310409
0.044345
-0.870038
-0.958714
-0.143604
-1.029852
-0.590071
0.577547
0.762952
0.888868
1.171717
-1.676454
1.040997
0.550780
-0.426672
-0.910444
-1.173288
-0.256177
2.028241
-0.427935
1.709851
0.318732
-1.100862
2.200395
-1.387662
0.490996
0.461191
-0.099472
-0.147406
1.406867
0.217226
-0.590568
-0.612979
0.975917
1.243505
-1.274898
-0.591716
0.428922
-1.421292
-0.331373
0.182340
0.908217
-0.742516
1.050236
0.786184
-0.785533
-0.255000
0.342675
-0.435468
-1.822720
0.374941
1.244480
0.168256
-0.591799
0.451621
-0.577847
1.166488
-0.983470
0.183050
-1.980398
1.040041
0.269421
-0.987565
0.609707
-1.295606
0.970967
1.424322
0.151029
0.568968
-1.182354
1.389066
1.631084
-0.112921
0.767646
0.260764
-0.999869
0.921762
-0.410392
0.460453
-0.002958
0.478231
0.567485
0.160008
0.009683
0.168361
-0.172268
-1.297225
-0.454548
0.288899
-0.198952
-0.740432
0.420828
0.472987
-0.346581
-0.237380
0.324931
-0.429334
-0.770759
-0.662602
0.407186
-1.366226
1.395562
0.166974
-0.612221
1.164927
-0.827012
-0.697138
-0.963125
-0.611573
-0.355477
0.556407
0.756922
0.473166
-2.470206
