0.000000
-1.403613
0.232865
1.160521
1.080656
0.796767
-0.591874
-0.602044
2.883137
0.540347
-0.626683
-1.210612
0.674435
-1.278324
0.722443
-0.163430
1.596600
-1.056890
1.620218
0.430626
-1.114690
0.505900
0.998230
-1.855038
1.742908
-2.647657
0.605681
-0.605133
-0.382889
-0.771800
-0.209819
0.520740
-0.747501
-0.147551
-0.042891
0.678248
0.040787
-0.069855
0.263609
0.185167
-0.609340
1.225095
-0.210541
-2.606699
0.461731
0.094917
0.252532
0.023941
-0.015367
-0.164046
-0.920465
-0.575295
0.267570
-0.759307
0.132506
-0.752106
-0.593497
-0.600873
-0.493547
0.498186
1.507036
-1.324717
0.226092
1.888070
1.235567
-0.723441
-1.097062
0.155613
0.809521
-0.555737
0.701044
1.025118
-2.470362
1.232962
0.436308
-0.243213
1.449926
1.844400
1.173201
0.087176
-2.699598
0.428570
0.468238
1.470891
1.690629
-1.674238
-1.901075
-0.260338
-0.098096
1.000748
-0.413135
0.534054
-0.666359
-0.626090
1.350921
-1.622052
-0.405393
0.853953
0.612913
-1.537316
0.934907
-1.242231
-0.939774
0.001876
-0.270100
1.458423
-0.338055
-0.167737
-1.279814
1.541859
-0.744317
1.210774
0.649363
0.896270
-1.062968
0.907511
-0.887122
-0.891870
0.110739
-0.317945
0.716714
-1.895690
0.252669
1.209937
1.002937
0.101696
1.005421
0.765395
0.897368
-0.772127
-0.494599
0.058448
-0.448444
0.212902
-0.965144
1.918971
-1.703046
-0.410415
0.672510
-0.155493
-0.629786
-1.942668
0.599401
1.161568
1.471145
0.067418
0.286033
-0.128428
0.399812
0.362065
-0.196528
0.212223
-0.388102
0.228060
0.584280
0.677298
-0.315199
0.185322
-0.677692
-0.509048
0.647349
-0.032862
1.080990
-1.068562
1.355089
-1.281539
0.376809
0.063210
-1.498201
1.493935
-1.857047
1.665469
0.131023
-0.116723
-0.485248
0.198861
1.365242
-1.336785
0.084175
0.090567
1.356495
-3.179694
0.621257
1.033640
0.728248
-0.653002
2.566373
1.302783
-1.709574
0.693461
-0.800973
-1.389784
1.037823
-1.117529
1.683999
-0.062219
0.258036
-0.947573
-0.806623
0.223446
2.242886
-1.028666
-2.228382
0.217943
1.108970
1.105635
-0.179267
1.628783
-0.796107
0.635600
-0.730308
1.891454
1.743453
-0.203879
0.005168
0.033369
-0.949956
-1.404752
0.099535
-0.243383
-0.830791
-1.536871
2.406021
-0.266627
0.529348
0.710128
-0.786070
0.339924
-0.156946
0.011271
-1.016779
0.428325
0.180474
-1.231298
-0.136945
0.232775
1.027837
-0.415090
0.208399
-0.551008
0.558596
0.959118
-0.155457
1.101427
0.703509
1.521984
-0.993848
-0.305804
-0.545216
0.863844
0.273188
-1.531662
1.842161
-0.958300
0.641269
0.894658
-0.959661
0.098551
-0.222421
0.783934
0.906713
0.532271
-0.260658
-0.704494
1.411608
-0.285204
0.432728
-2.241979
-0.779625
-0.986181
-1.436844
0.049219
-0.224084
-0.456415
0.117675
-1.098246
1.516126
-1.463349
1.440820
-0.635241
0.544128
0.322277
0.716906
1.369104
-0.303066
-0.716157
0.265684
-0.551141
0.758940
-0.808139
-0.243322
0.171898
0.352557
-1.254785
0.100541
-0.869201
1.025062
-0.433655
2.503536
-0.236057
-0.958384
0.441059
0.456761
-0.821381
0.268042
1.121345
-0.352262
1.435741
-0.998023
-1.276038
-0.329694
1.048718
-0.787314
0.250672
-0.633727
2.541880
-0.357005
1.044551
-0.358319
-0.686358
-1.337017
0.919023
-0.458237
-0.627481
-0.769842
0.876367
-0.865690
-0.988492
-0.645258
-0.700347
0.147185
0.929561
-0.370044
-0.230175
-0.131218
-0.444251
0.448716
-0.751223
0.324627
1.031323
0.994024
-1.422697
1.844787
-0.341168
0.220911
-0.267545
-0.429980
-0.319143
1.353570
0.462542
-2.044049
1.252114
-0.052850
-0.514914
-0.154986
1.693333
0.299746
-0.152766
0.632430
-0.155552
-1.045438
0.493540
2.300425
-0.648760
0.892909
1.512440
-0.453722
0.714090
-2.094707
-0.761811
1.542183
-0.531676
0.769834
-0.920002
-1.454418
-0.586742
1.808076
-1.409022
1.069187
0.653829
-1.012438
-0.331841
-0.504496
-0.168132
-0.274218
0.451143
-0.172992
0.993113
0.444464
-1.136460
0.161680
-0.885419
-0.729049
0.375777
-1.127897
1.200979
0.290969
1.557531
0.379147
-0.806301
0.523750
0.079171
-1.645798
1.356187
-0.435496
-0.810978
1.834578
-1.747235
0.356864
-0.642373
1.723051
-0.182426
0.828632
-0.430140
-0.143085
-0.654718
0.684918
-2.046748
1.181961
0.444152
1.188408
-1.544997
-0.439751
1.780800
-0.988749
-0.163247
-0.785835
0.935257
0.527544
0.680106
1.300498
0.542493
0.850213
-1.636040
0.270853
1.095943
0.665717
-0.759890
-1.376926
2.760216
-0.672512
0.147825
-2.431887
1.495823
0.815283
2.272058
-0.715047
-1.171530
-2.015121
-1.362241
-0.951925
-0.654791
-0.821932
0.763659
-1.192715
0.346626
0.389877
-0.003329
1.354524
-2.517095
-1.013697
0.610241
-1.420301
1.580091
-1.269378
0.569534
-1.215219
0.953506
0.181981
-0.917102
-0.223346
1.450070
0.986673
0.052707
0.159218
-0.851993
0.680118
-0.148699
-0.370358
-0.152305
0.642602
-1.636574
-0.944561
-0.092418
-0.893755
1.444008
0.766213
-0.196458
-0.854612
0.281893
-0.571458
-1.892763
0.310490
-0.023364
0.154486
1.102051
0.730431
1.293091
-1.755249
-1.153257
0.960604
-0.913381
1.356328
0.782461
0.659395
-0.164780
-0.522130
-0.426130
-0.559941
0.864256
0.581248
-0.065250
-1.154910
0.594156
1.511522
0.680327
-0.939914
0.717175
0.278403
0.197022
0.756073
0.982939
-1.503289
0.555476
1.100102
0.150272
1.585069
-0.367153
2.215541
-1.300645
0.157281
1.743085
-0.331869
0.377954
1.173490
0.516661
-1.433784
-1.254395
1.310205
0.033069
0.045576
-0.614694
-0.227897
-0.787067
0.681746
-0.182823
-1.690299
0.649931
1.921348
-0.329193
0.076154
0.304934
2.003861
-0.740222
-0.209518
-0.935203
-1.155790
-2.996425
0.379364
-1.314581
-0.052039
0.281826
1.205021
-0.638730
0.618347
-1.258552
-0.532469
-0.620474
0.926610
-1.605606
0.993255
1.265447
-1.276692
-1.425510
2.312011
-0.503045
-1.990220
1.437981
1.337802
1.635245
-0.368135
-0.619384
1.051446
-0.674396
-0.687955
-0.779398
-1.561190
0.046931
1.043620
-1.278256
1.092341
-0.650417
1.158262
-0.498551
0.335997
0.588219
-0.259533
0.285618
-2.989001
-0.081456
1.993215
0.183418
0.175637
0.202057
0.492243
0.724415
-0.443299
1.219584
-0.609007
-0.341906
-0.774208
0.761625
0.556090
0.416831
-1.035362
0.477693
0.075609
-0.280170
0.598691
-0.800129
-0.028540
-0.009474
1.280206
-0.069358
0.131263
-1.354635
0.317971
0.876092
-1.115296
-2.146930
-0.510057
0.076239
-1.094274
1.146693
0.284974
1.050955
-0.171565
0.538001
-0.734276
-1.546798
-0.298677
-1.019615
0.292187
-1.199673
0.293336
0.057574
0.918975
-1.148227
-0.928989
0.778687
-1.314066
2.059864
-0.877828
-0.585455
-0.766753
0.847576
-1.802868
1.523743
0.760238
-1.260957
0.830797
0.931071
-0.370530
-0.709592
-1.711637
-0.403803
3.069051
0.542658
-0.812692
-0.598729
0.851550
-0.957959
-0.075392
1.540499
-1.193104
2.659990
-1.155179
-0.518941
-0.550891
1.130741
1.214292
0.028383
0.716385
-1.300420
-2.379296
0.159916
1.280270
0.519695
-0.321397
0.590785
0.464092
0.059064
0.461375
0.304600
-1.731397
0.618011
-0.077391
-1.335797
-0.383517
0.718611
-1.209825
0.707590
-0.185767
0.303387
-0.363683
1.120654
-0.234645
-1.203969
0.424580
0.217114
-0.346875
-0.734834
0.616048
0.362181
0.045803
-0.516719
0.790485
-2.130544
0.360861
0.639175
-0.374202
-0.216792
0.061997
-0.319311
-0.465504
-0.005650
1.181144
0.541466
-0.863318
0.980436
-1.785758
0.597006
0.864643
0.077826
-0.491630
0.870746
-2.004950
2.543532
-1.504679
0.442177
0.843357
-0.532129
0.438114
-0.114249
-0.947042
1.448542
1.279455
-0.757652
-0.238295
-0.991229
0.907099
2.309740
0.256417
0.071288
-0.205696
0.250458
-0.814052
1.036339
-0.079842
0.042784
0.094868
-1.899031
-0.606755
0.256182
-0.325621
-1.078241
0.538261
-1.160288
0.253629
0.988214
-0.795287
-0.990555
0.939066
-0.578510
1.581315
2.219996
0.252080
-0.495749
-0.936958
-0.710911
0.491840
-0.146155
0.951198
-0.951465
0.899595
-0.781592
0.189911
0.160080
-0.478234
0.457746
0.105127
0.991095
-0.963772
-0.497183
0.379870
0.088120
0.030528
-0.754020
-1.232311
0.857807
-0.976157
-0.468412
1.531954
-0.272742
-0.667090
0.118049
1.910691
0.190547
-0.699391
2.401941
0.123012
1.200753
-0.565758
0.954306
0.023582
-1.166729
1.704393
-1.531639
-0.953528
0.184415
1.138974
0.125300
1.187162
0.073101
-1.426118
-1.061850
0.193687
0.098512
1.024706
-0.872168
0.604952
-0.752770
0.211048
-0.811861
-0.404861
0.751892
-0.231971
0.889557
-0.381531
1.094272
0.362210
-1.206577
-1.346095
0.327780
0.979615
1.490138
-0.580230
-0.489859
-1.186845
-0.321400
0.351595
1.715968
-0.015252
-0.648865
0.758234
-0.130447
0.284439
0.453474
-2.071506
-2.558430
0.695238
-1.001970
-1.183324
1.167532
-0.782477
1.046757
-0.002697
0.953741
-1.445170
0.518220
-2.467592
-0.806379
1.644619
0.171944
-0.017476
0.740675
-0.479433
0.023662
-0.857769
-0.485390
-0.980002
-0.968941
0.794894
-0.615060
0.654689
0.263214
1.726510
-0.600257
1.329298
0.147680
-0.028562
0.987025
0.928357
-1.341364
-0.346416
0.573798
-0.141756
-0.851013
1.909038
-0.941365
-1.279590
1.076626
-0.177990
0.896812
0.405133
-0.501390
-1.452390
2.099359
-2.224532
1.134605
0.052328
-0.114295
-0.727477
0.812591
-0.726766
0.638725
-0.798355
0.232977
1.480029
0.452993
-0.818431
-0.052996
-0.291719
0.965076
-0.882977
-1.502494
1.276079
-0.562269
-0.805529
-0.580758
0.147625
0.886125
-1.119668
-0.076113
1.630690
-1.406061
1.495088
-1.321948
-0.483692
-0.726959
-1.142537
-0.084013
0.908717
0.150044
1.453161
-1.759520
0.273387
0.618506
-0.159870
1.099305
0.741452
-0.579426
-0.250443
1.009038
1.238798
-0.409139
-0.152707
-0.324979
-0.677524
-0.584077
0.138750
0.749169
0.503024
0.189831
-0.224762
-1.204538
1.282535
0.025381
0.445086
-0.865314
-0.406634
-0.680731
0.726749
0.196288
-0.341080
-0.621879
0.417297
-1.535876
-0.657628
0.435043
1.996868
0.088253
-1.249405
-0.574335
-1.057136
-0.066984
-0.962414
0.986245
0.512838
0.568553
0.711428
-0.363947
-0.868491
0.536549
-1.120448
-0.525602
-1.386004
0.677917
-0.459027
-0.237419
1.005860
0.276950
-0.159188
-0.168397
-1.102502
0.233133
-0.397209
2.408042
1.724175
0.042206
-0.714840
-0.798896
0.421266
0.349110
-1.058910
-0.044168
2.253370
-0.113900
0.876422
-1.680332
-1.036024
-1.766260
-0.984511
1.169028
