0.000000
-0.660556
0.565769
-0.733937
0.157774
-0.867959
1.730517
0.622033
1.259543
-0.750391
-2.234156
0.952770
-0.172173
-0.669646
0.659939
-1.606122
1.641926
-0.168640
0.706824
-0.408328
-1.194870
-0.931875
-0.316111
0.012097
1.483092
0.006494
1.415194
-1.835246
-0.864099
0.932557
0.390465
-0.748117
1.042072
-0.109804
0.766384
-0.618536
0.396085
0.477811
-1.360919
1.338536
-1.881658
0.902041
0.242768
0.806785
-1.648309
1.429259
0.415993
1.799888
0.764156
0.593523
-0.946911
1.426512
0.909164
1.049771
-1.024193
0.125809
-2.527377
1.931564
1.205182
1.623336
-0.478745
0.714210
-0.810117
-1.412188
-1.507117
-0.558851
0.783375
1.017785
-1.037536
-0.995344
2.009185
-0.910670
0.395944
-1.348794
0.379641
0.077639
1.104906
0.827191
-0.863923
-0.865493
0.343779
0.547288
-1.560401
-0.082617
-0.347209
-0.768595
1.110518
-1.317988
0.102555
-0.679770
0.473253
-1.688137
0.423580
-1.691841
0.217975
-0.912468
0.658729
-1.723231
0.094672
-0.427269
2.230639
0.806222
-1.308177
0.836551
0.350133
0.254750
0.559930
0.418487
-0.483073
0.895859
-1.192229
-0.858822
0.014040
0.069160
0.856644
-1.015554
-1.508688
-0.273846
0.347391
0.853040
-2.665125
0.813041
-1.418914
0.031382
1.206744
-2.209978
3.150687
-1.408569
1.105493
0.659710
-0.045665
-0.197585
-0.401483
0.813552
0.182720
-0.254939
0.138017
2.000122
0.413115
0.553936
-0.890884
-2.364136
1.297917
-0.973681
0.017525
-0.132848
-1.169730
-0.958149
0.825634
1.639045
0.802573
0.432453
0.030070
-0.909171
0.217329
-0.352488
0.558329
-0.613201
-0.644218
1.663489
-1.615290
0.737422
-0.807737
0.533878
-1.168768
0.043896
0.093675
0.950688
0.391262
0.784815
-1.289333
-0.717552
-1.012163
2.416688
1.203342
1.318253
-1.258672
0.580957
0.299248
2.082155
-1.606925
1.029110
0.335656
-0.948182
0.640845
0.285645
-0.725578
-1.024919
-0.247191
2.209253
0.044516
-1.722968
0.166238
-0.062157
2.099371
-0.084604
0.126550
-0.488627
0.317473
-0.398272
0.375033
0.733862
-2.506737
0.356292
-1.181328
1.420543
-1.130125
-0.425825
1.068466
-0.626262
0.534240
-2.108849
0.790305
-0.508961
-0.879471
-1.809831
0.125224
-0.372231
-0.625127
-0.133661
2.542034
0.298021
1.138323
-0.938973
-0.470132
0.182357
0.134338
-1.460916
1.039468
2.189801
0.096831
1.444867
-1.768432
0.059892
2.197331
-0.486858
-0.489976
0.053789
0.840460
-1.002644
-0.905945
-1.234652
-0.104805
-0.838348
0.918020
-0.091802
-1.731092
0.056637
-0.120748
-0.128890
-1.247488
0.912069
-0.513953
-2.752615
0.177053
0.738492
-1.593073
0.705740
-1.555210
0.656018
-0.652390
-0.170255
0.152589
-0.246458
0.086045
0.603523
0.029399
-2.171346
1.625209
-0.080493
-1.671255
1.831593
-0.062150
-0.011113
-0.883386
-0.035286
-1.032616
-0.499824
-0.319264
1.154408
-0.136738
-1.418910
0.353954
1.275581
0.181116
0.588275
-0.213185
-0.420861
-1.813613
0.397667
0.864944
-0.554473
-0.132317
-0.261316
0.168099
0.696482
1.913573
0.223333
0.779672
0.404865
0.078962
0.858650
-1.511206
-1.320960
-1.656065
0.858400
-1.112865
2.387845
-1.101941
-0.100596
-1.041552
0.164308
0.189203
0.305348
1.713222
-1.472965
-0.372363
-0.374895
0.020215
0.271790
-1.277520
1.818217
-0.949193
0.795375
-1.705904
-1.762267
0.426165
1.689787
-3.231705
2.206459
-0.133720
-0.049093
0.611728
0.570688
-0.319253
-0.987098
-0.813519
-0.534972
1.060736
0.664589
-1.598771
0.414117
0.125203
0.924094
-0.707935
-0.336443
0.423783
0.518657
-1.319807
0.413814
0.955064
-0.052860
-0.272328
-0.888631
0.715157
-0.044053
0.129372
1.161157
-0.752727
-1.007542
-0.238210
0.928254
-1.235254
-0.472540
0.246029
-0.042628
-0.720502
1.008039
-0.058207
-0.211439
1.520249
-0.654394
-1.642075
0.067850
0.230751
-0.148892
1.385227
-0.625439
-0.670616
0.240592
-0.010259
0.868689
0.603713
-2.186611
0.637297
0.246092
-1.548037
0.753446
1.539237
-1.272729
-1.011497
0.833320
0.533984
0.558537
0.544042
0.146733
0.220868
-0.474633
-0.617047
-0.013634
-0.683079
-0.059269
-0.755007
1.006771
0.170249
-1.433164
-0.692226
-0.624979
-0.712300
-0.274274
-1.398660
-1.043869
0.422864
-0.428355
-0.737147
1.054045
1.549159
-0.637109
-1.382984
-0.969732
-0.161519
-0.330160
1.770958
-1.481412
-0.932863
0.850618
0.463376
1.382375
0.561045
0.095316
0.790281
0.187097
1.853927
0.019994
-0.104874
-0.859454
-0.374745
0.587057
-0.350663
2.072193
1.569340
-0.204962
-2.086068
-0.822712
0.330826
0.083129
0.490529
0.757997
0.372245
0.432130
-0.876826
0.642853
-1.176946
-0.490397
-1.024130
-0.154775
0.495347
1.162194
-1.040657
-0.713536
-0.843560
-1.958444
0.899517
-0.889882
1.868307
0.547963
1.643143
0.364983
-1.985633
0.721583
0.904306
0.420585
-1.371309
0.266451
1.333115
-0.488416
-0.698857
1.823902
0.668649
-0.148537
-2.609588
-0.524085
-0.381333
-0.689588
1.078347
0.400702
0.120607
0.357505
-0.464932
0.291194
0.672115
-0.624327
-1.533054
0.399386
0.341621
-1.784352
-0.810877
-1.692524
1.438407
-0.455452
-0.958388
-0.328867
-0.174432
-0.561129
-0.078758
-0.810003
-1.151968
-0.653108
2.308783
0.604807
1.104745
0.690593
2.051746
-0.238336
0.110057
-0.029275
-0.059606
1.233278
1.293510
0.451823
0.015511
-0.534547
0.495790
0.338153
0.938180
0.308811
0.426428
-0.677060
-1.362326
0.108711
-0.232511
-0.195154
-0.101626
-0.266124
0.532924
-0.734773
-0.531322
-0.552941
-1.975078
0.489639
1.251530
-0.700089
0.853853
0.315373
-0.225460
0.460606
-0.421730
0.646447
0.417167
-0.476106
1.365768
1.386097
0.779418
-1.965060
1.473449
-0.357070
0.893785
0.298220
0.152389
1.373552
-1.092158
0.589839
1.456829
0.448036
-1.609097
-0.749338
-1.446801
-2.025077
0.107554
-0.249379
-0.159856
-0.403504
-0.863150
-0.390227
0.175136
-0.096893
-0.166262
0.046803
0.430930
0.812687
0.120400
-0.491554
0.462183
0.055302
-0.374719
1.313571
1.808401
0.009233
-0.514052
-1.371837
-0.662578
-1.398124
-0.087358
-1.635596
0.194924
1.727614
-0.209547
-0.312303
0.727059
0.348698
-0.965645
0.312592
0.025165
0.161992
-0.039811
-0.846873
-0.070398
2.850260
1.976334
0.671877
-1.017968
-0.584412
0.658716
-0.415150
0.759547
-0.317920
0.495397
-0.908965
-0.079352
-0.339778
-0.321039
0.593987
-0.924522
-0.764335
-2.059931
0.263841
-1.742830
-0.050278
-0.745595
1.854606
0.829796
1.386245
-0.127576
-1.093131
1.036674
-0.006972
-0.839734
1.740946
-0.370956
-0.371649
-0.631331
0.710398
-1.712411
-0.923933
1.142215
2.088245
1.360820
1.436111
1.704168
0.050803
-1.069536
1.018587
-0.341682
-1.052699
2.069935
-1.433419
-1.075450
-0.289055
-0.653637
0.923589
-1.478087
0.493358
-0.066297
1.882952
1.284411
-0.713079
1.842694
1.109122
-2.760611
-1.185779
0.690255
-0.372261
-0.035032
0.207673
0.239114
0.451455
-1.277045
-1.489711
-1.651486
1.086273
0.926829
0.549636
-0.907558
0.496120
-1.194241
-0.608751
-0.419246
-0.359187
0.544109
-0.538225
0.284034
0.966526
0.901077
0.334337
-0.295052
0.154491
-0.700978
0.880363
-0.859300
1.183894
0.382209
0.389553
-1.077869
-1.171418
-0.870772
0.444734
1.621686
-1.895862
0.729382
-0.032851
0.784954
1.481466
-0.962336
0.736310
1.966115
-0.719958
-1.016270
0.055945
-0.702530
0.832862
-1.972600
1.810798
-0.260807
-0.767435
-0.900400
0.569562
0.737517
0.296738
-0.723934
1.030599
0.015038
0.788577
1.163058
-0.240905
0.495189
-0.331463
1.243366
-2.371214
0.149757
0.456041
-0.930524
-0.693802
0.407801
-1.327947
0.462395
-0.969012
-0.328709
1.631471
0.884738
-0.772929
-1.443198
0.583564
-0.467692
0.318266
-1.692613
-0.138208
0.150778
-1.247492
-0.810832
0.131561
-0.484954
0.623190
-1.268749
-1.542688
1.166815
-0.381254
-0.194220
0.488874
1.409405
-0.803226
-0.891983
0.957819
0.514336
-1.309254
-1.904963
0.688098
-1.016762
-0.167290
0.132445
-0.863956
0.627568
-2.031401
-0.645400
0.112427
0.119041
-1.099267
-0.016998
-0.551906
0.177055
0.932929
0.039995
0.622518
0.558122
-0.620097
-1.117224
2.033740
1.093114
-0.812892
-1.144225
1.108035
-1.329831
-0.682646
1.094150
-0.984076
-0.122179
1.599541
0.309556
0.242126
0.426045
-2.517136
0.176509
0.865965
-1.559092
1.746610
-0.672500
-0.041532
-0.364922
2.563879
-2.877688
0.539485
0.433922
-0.411964
0.072347
-0.530597
-2.125302
0.221490
2.947290
-1.361593
0.714525
-0.341095
0.467057
0.100825
1.011914
-0.471625
-0.064736
-0.571317
-0.003253
1.462422
-0.000048
-0.789398
2.924717
-0.412473
-1.076986
0.096052
0.399299
0.580434
-0.398131
0.991711
-0.826516
1.304454
-0.732931
0.325798
-0.142888
-0.246995
-2.797875
2.362511
-2.893782
1.751144
0.307124
-0.092766
1.394342
-0.807259
0.626773
0.518431
-1.248942
1.286340
-0.671324
-1.067064
0.189680
-1.460653
-0.336502
-0.385784
0.082149
0.387407
-0.388529
-0.989879
-0.377869
0.478319
1.053135
1.210799
-1.173196
1.027321
-0.184800
0.121433
0.810655
0.014891
0.356148
0.538591
0.285433
-1.417854
-0.528290
0.274585
0.169898
0.393962
0.481456
-1.391613
0.993439
-0.689772
-0.387876
0.315779
0.798008
1.697368
-2.022157
0.622643
-0.267180
0.935442
-1.456577
-0.232255
0.424811
0.151224
-1.561658
-1.293148
1.475944
1.596931
-2.320370
0.943421
-0.769088
0.220174
0.886408
-0.205209
0.399258
0.047073
-0.166118
-0.717714
1.242314
-0.100171
-1.894183
-0.408278
0.805231
0.637514
-0.369676
0.620529
1.582968
-1.506647
-0.719532
0.077437
0.889147
-0.981291
0.221176
2.418638
-0.019751
1.254535
-0.739692
-0.728192
-0.338092
-0.859422
-1.806410
0.965684
-2.139049
0.154515
1.195922
-1.774713
1.117345
-1.528969
1.624674
-0.668912
1.164738
1.116017
-1.667512
0.095480
-0.620342
-0.553991
-0.340347
0.843278
-0.535097
-0.847246
1.333965
1.270308
-0.762233
-0.711995
-0.951579
-1.158917
0.252620
-0.401871
2.457739
-0.103456
-1.157422
0.944354
-0.296032
-1.060722
0.366298
1.351298
-0.866330
-0.034876
1.129819
0.024261
0.694953
-2.067938
1.013956
-0.089262
-0.130210
0.837542
0.686024
0.570663
-0.460506
-0.939593
-0.472142
1.610902
-1.700708
-0.749743
1.827989
-0.674569
0.337538
1.264530
0.005808
0.869074
0.269541
1.265048
0.078560
-0.085414
-0.702577
-0.125893
1.990995
1.530164
0.139414
0.746306
0.489840
0.070871
0.605564
0.101959
-1.113797
0.685333
0.275297
-1.152484
