0.000000
-0.051613
1.364410
1.061926
-0.537032
0.967654
0.237218
-0.440165
-0.464590
0.193092
2.388865
1.343798
0.901728
-0.465929
-0.561990
-0.121132
-0.309924
-1.430291
1.095904
0.580046
1.060344
0.040436
-0.442300
-2.010704
-0.107990
0.640193
-1.039113
-0.733370
-0.017518
-1.923325
-1.806928
-0.736605
0.524600
-0.555811
-1.320879
-1.134038
-1.321234
-0.153070
1.250082
0.540365
0.208271
-0.859053
0.937220
-0.708948
-0.069498
-1.283939
0.376220
1.061363
-1.449002
0.038653
0.886609
-0.330655
-1.914905
-0.431852
-0.341463
-0.596924
-0.224295
0.428298
0.725001
-0.507755
0.203168
-0.375167
-0.687479
-0.434309
1.578670
-1.035662
2.271051
-1.291665
0.451483
1.081509
0.794178
-0.243460
-0.380087
0.303197
-0.523706
0.187119
-1.907155
1.270824
-0.358595
-1.529477
1.621187
0.825486
0.999374
0.054138
2.323424
-0.996532
-0.223351
-1.382936
0.272617
1.174802
0.866937
1.612441
-2.495162
-0.130305
-0.017979
-1.941056
0.384460
1.286730
1.193822
0.139700
1.874096
1.750255
1.007987
-0.444735
-0.153641
0.301764
0.889549
0.583789
1.951090
-0.534509
-0.478861
0.120745
-1.330042
-0.084441
0.668887
0.229789
-0.392105
0.671120
-0.414517
0.054446
1.460924
0.683537
-2.215070
2.881428
0.785402
-0.650033
0.379937
0.215457
0.165910
0.784241
0.605517
0.519484
-0.990316
-0.655677
0.741717
1.214311
-1.412208
0.248009
1.210012
0.216510
-0.367458
0.125026
2.031414
-2.330733
0.304154
0.741152
-0.791270
-0.840672
0.530089
-0.258084
0.189918
0.513344
-0.001430
-0.414286
0.437019
-2.311604
0.107600
1.076998
0.053009
-0.664422
-0.014787
-0.530931
-0.980172
-0.333099
-0.641489
1.172546
-0.555897
0.950959
0.340816
0.933930
0.895068
1.285982
-0.015715
1.056149
-0.109998
1.321776
-1.601034
-0.373367
0.620514
-0.471220
0.164141
-0.278481
-2.248884
-1.245916
0.587228
-0.749923
-0.050854
0.397014
-1.178955
-0.180669
0.606699
-1.241128
0.612018
0.126728
0.897253
-0.204735
-1.565559
-0.687873
1.698265
-0.664705
1.101277
-0.697885
-0.028486
-1.081122
1.049976
0.716556
-0.302070
-1.294557
0.278039
0.511544
0.154860
-0.366506
0.899960
-0.395060
-0.358800
-0.056241
1.098307
0.944436
-0.175016
-0.205923
0.708286
-0.513675
-0.381732
-0.620039
-0.407739
0.655390
-0.214919
-0.203012
-0.299420
-0.739717
-0.042269
-1.428965
-1.513908
-0.033387
-0.602424
0.523969
-0.292167
-1.299779
-1.291085
2.880015
-0.487609
-0.736859
-0.653529
0.385475
-0.731405
-1.071576
0.808422
1.233525
-1.057941
-0.896382
-1.477046
0.683336
-2.049176
0.717984
0.410606
-0.738627
1.061724
0.750671
0.374481
1.989460
0.138332
-0.713034
-1.020634
0.957463
-0.855245
0.390558
1.164201
1.193782
-1.389582
1.694456
-0.335808
-0.733737
0.173664
1.483397
-1.117934
1.474191
0.491511
0.403706
-0.529339
2.214780
2.821454
0.546884
1.217986
-0.540955
0.669783
-0.368873
1.271211
-0.769683
0.690862
-0.329995
0.970444
-0.746061
-0.546436
-1.151859
-0.509321
1.762352
1.467449
-0.312672
-1.020085
0.419618
0.653076
2.055716
1.425184
0.440443
-0.426641
-0.271021
-1.526594
-0.078858
0.123519
-0.545436
0.027512
1.620525
0.743438
1.592693
0.746395
0.382601
2.032910
-1.233808
-0.043652
0.064489
-0.561368
-0.624539
0.465415
-0.581869
0.169808
0.746228
-0.412708
-1.382541
-0.071186
1.049330
-0.157417
-1.316852
2.127817
0.911178
0.541915
-0.118719
1.232397
0.217636
-0.757854
-1.207253
-0.098310
-0.412301
0.866148
-0.793681
0.500157
1.087561
0.541388
0.876150
0.905693
-0.025103
-0.622025
0.763802
-0.266414
0.150542
0.399825
1.119564
-0.471386
-0.338749
-0.319938
-0.801140
-0.610027
0.828352
0.401706
-1.464490
0.746680
-0.679142
0.043161
-0.367007
0.429889
-1.352300
-0.000853
0.620405
0.241081
0.657069
-1.162106
0.380155
0.732741
1.202534
-1.348587
0.549059
1.075899
1.271283
1.873594
0.271512
-1.541256
1.325489
0.139586
1.214346
-0.154383
-0.475312
0.011399
-2.394439
0.448605
-1.482032
-0.050832
-1.776573
-1.351129
0.241725
0.197932
-0.036997
1.005225
-0.152456
-0.007645
0.921004
-0.251471
-0.069527
-0.541377
-0.099231
-0.170480
-0.988528
-0.452747
0.969829
-0.668988
-1.202603
-1.619623
-0.958860
-1.667181
1.124220
0.498767
-0.349515
0.301425
1.795573
-0.657180
0.115696
-0.029342
0.962417
0.067248
0.888018
1.551053
-2.863418
-1.187910
-0.653438
-0.049542
-0.613987
0.533536
-0.130890
1.725032
0.149745
-0.455046
-1.852059
-0.358474
1.575387
-2.490470
-0.056781
-0.177316
0.464418
-0.551242
-0.367041
0.864635
1.608407
-0.131603
0.745586
1.553794
0.880206
0.515535
-2.280732
-0.253404
-1.050337
0.216134
-1.648941
0.167124
-0.525248
1.834610
-1.833549
0.442279
-2.431321
1.203149
-0.889999
1.171158
0.378546
-1.074919
-0.045504
1.551966
0.978931
-0.134804
1.091814
-0.559273
-0.800669
2.132240
-0.666105
0.402359
1.151366
-0.160094
0.504226
-2.154390
1.329485
1.037486
0.232697
-0.142574
-0.909482
0.056734
-1.632576
-1.859490
2.122709
-0.085809
0.725568
-1.258617
-1.388470
-0.304875
0.484293
0.072213
-0.547976
-0.732402
-1.301457
-0.137598
-0.177754
-0.271457
1.241773
0.216035
0.800932
0.773462
0.883931
-0.532373
1.522070
-0.275765
0.519703
-0.830854
1.417404
-0.377105
-1.314718
-1.421336
0.642439
0.383594
-0.573621
1.092103
1.465047
0.667355
0.359960
-0.154064
-0.755267
1.205754
0.018274
-1.374178
-0.808127
-1.569401
-2.086413
-1.433802
1.833470
0.542521
0.691967
-0.233849
-1.081620
-0.908542
1.083794
1.222208
0.557624
-0.240922
1.142712
0.611383
1.325976
0.940440
-1.272757
-0.540567
-1.122164
0.046463
0.545180
-0.538722
1.826964
-0.373834
0.028800
2.049165
-0.893491
-0.742705
0.756917
0.449695
0.387125
-1.784148
-0.395465
0.488885
-1.411317
2.240345
0.958614
-0.113585
0.547342
-0.279742
-0.652211
-2.149973
-1.803955
0.491582
0.085930
-2.000799
0.385717
2.436336
1.180939
-0.461885
-1.530847
1.548062
2.164206
1.517596
0.867683
2.037956
-0.438170
-1.443170
0.150635
-0.126082
-0.996622
-2.356380
-0.473196
2.209769
0.595667
2.451590
-0.097279
-1.278588
-1.445292
-0.061051
-0.081736
0.943145
-0.672426
-0.053754
0.448816
-0.934064
-1.024006
0.809842
-0.493958
-0.807364
-0.318287
-0.234459
1.212512
1.515347
1.249498
-0.662413
-1.914324
0.253900
-1.207108
2.432373
1.673521
-1.552237
0.317471
-0.033664
-0.408087
-0.061307
0.244952
0.479434
-0.091512
0.584368
-0.644935
-0.952348
-1.120880
0.109142
-2.603104
-0.878833
0.254115
-0.607159
1.277472
-0.388725
0.007147
0.119612
-0.687708
-0.727107
-0.314708
-1.376259
0.830665
-0.298267
0.159246
0.260334
0.063569
1.417301
-0.788074
1.758220
-1.964926
1.021353
0.828684
-0.288799
-0.573225
-1.136977
-0.179992
0.338047
0.471166
-0.894225
1.535888
-0.901647
0.919413
0.487201
0.636018
-0.140862
0.137598
-0.577953
-3.235932
0.595921
-0.243343
2.069879
0.231423
0.162040
1.032783
-0.604695
0.429845
-0.657295
-0.371705
1.575134
-1.979454
-0.895459
-1.883546
-0.412539
0.497667
-0.924383
1.394780
0.006904
-0.725729
-0.867171
-0.014062
2.694455
-0.807458
0.411017
0.700266
1.144753
0.391424
-0.508488
-0.025021
0.130639
0.373456
-0.483426
0.578394
0.045119
-0.215139
1.406246
2.047787
0.829201
-0.994398
-0.342466
0.651979
0.867056
-1.199848
1.573537
-0.892428
0.114106
-0.721569
-0.938946
0.036347
0.717908
0.213283
0.924110
-1.600503
0.019285
0.223841
-0.117604
-1.054562
0.050078
1.697162
-1.922422
-0.145804
1.980587
-0.044717
-0.053594
-0.058951
-0.158722
-1.042132
-2.650695
0.391673
0.136121
-0.253292
0.398303
-0.282024
1.669227
-0.162404
-0.075504
-0.149701
0.426854
0.456882
-1.198612
-0.465946
1.581618
0.004783
0.283886
0.415448
0.807299
-1.476959
1.065460
-0.618651
0.928553
0.483234
1.889799
-0.516403
-0.406249
0.607125
0.884043
0.702254
-0.525483
-0.874565
-0.359757
0.891120
-0.544292
-0.726991
0.394377
1.481440
0.906974
-0.341382
2.832819
-0.404300
-2.206020
-0.109434
-0.388259
-0.473799
0.817493
0.114054
0.597707
0.229315
-1.148243
-0.111382
-0.292147
1.429639
0.943086
0.146125
-1.075183
0.751245
-1.620586
-1.388937
0.268519
0.105591
-0.155734
-0.525134
1.368448
-0.665541
0.529066
-0.166059
2.118394
0.154632
-2.148397
0.454161
-0.568164
-0.701129
1.448919
-0.156947
0.026983
-2.652021
1.256970
-1.546591
0.574822
0.520064
0.867016
-2.009773
-0.818522
0.563042
-0.653508
0.353344
0.051856
0.585488
-0.016097
-0.718709
2.064321
-2.554563
1.720147
-1.684716
-0.599613
0.765777
1.161910
0.168999
0.120285
0.105415
0.148949
-1.219542
1.500004
-0.350651
0.404951
-0.834514
-1.263927
0.264334
1.227932
-1.141426
0.508341
-0.399436
-1.359648
1.432572
-0.811317
1.142614
0.680993
-0.541670
0.598607
-0.467789
0.773764
0.035873
-0.489989
3.107719
-1.162524
1.586870
0.716821
-1.943175
0.146226
-1.068251
0.163118
1.050098
0.257443
-0.507465
0.537121
0.256041
-0.924360
0.612478
-0.110384
0.247009
0.174566
0.576345
-0.967862
-1.179936
1.827953
-0.077590
1.515786
-0.313667
-0.723878
-0.361257
0.223999
-0.848192
0.077013
-0.744586
-1.242062
0.180813
-0.308387
0.505397
-1.172946
-1.097140
0.627412
-0.721697
1.314636
0.334290
2.923696
1.811331
-0.941532
0.314308
0.109249
-1.345554
-0.414311
-0.817135
0.422427
0.236506
2.034934
-0.563813
0.630476
0.484584
0.082878
-1.091487
0.941408
-0.153354
0.250985
0.512061
-1.579918
-0.314115
1.042414
0.445518
1.175880
-0.579065
1.126161
-1.359685
1.013676
0.403905
-0.880485
-0.791853
-1.038451
1.994933
-2.207510
0.285854
1.091515
-1.647710
0.065294
-1.061815
1.364682
1.930251
-0.178730
0.440102
2.039233
-0.898303
-1.421206
-0.373057
0.562148
0.574815
-0.993078
-0.453115
0.463901
1.977865
-1.454489
-0.783610
-0.437320
-0.603102
0.888141
1.659679
0.271383
0.541575
-0.803495
1.231208
-1.256839
-0.455853
1.435830
1.062665
0.135014
-1.096635
-0.581594
0.083853
0.452262
2.338978
-0.447236
0.952393
1.412899
-1.121195
1.082695
0.180021
0.209831
-0.274956
0.148993
-0.312952
-0.442234
-0.489559
0.415557
0.547533
0.897564
0.995992
-1.007260
-0.881869
-2.069803
0.574964
-0.469602
0.846425
2.012351
1.467844
1.540109
-2.478616
-0.029197
-0.460017
-1.208387
-0.477099
0.359304
0.562476
-0.305016
1.852859
-0.970670
-1.785919
-0.307045
0.663346
