0.000000
0.023277
1.222116
1.102259
-0.946043
0.194124
-1.022524
0.058572
0.051743
-0.653418
1.290268
-1.640010
2.225662
1.488571
0.712024
-1.377059
0.881698
1.189709
-0.474925
-0.661129
-0.549490
-0.104634
-1.671943
-2.286411
1.894665
-0.096402
-1.769500
-0.254510
0.117434
-1.763089
-0.748632
1.167182
-0.650823
-1.681585
0.130609
1.327253
-0.466843
0.152167
-0.758983
-2.098257
0.877271
-0.872391
1.408812
0.180161
0.629194
1.975707
0.122566
-0.452241
0.372071
0.585616
0.625209
-0.891043
1.094091
0.461977
-0.188316
-0.782944
-0.133196
-0.832707
0.470376
0.137085
-0.866345
-0.138880
0.458090
0.751979
-0.856578
0.194080
-1.057373
-1.279579
-0.679387
-0.116179
-0.063680
-1.256233
-0.379634
-1.361490
-1.062988
0.106573
-0.073540
0.074678
-0.289068
-0.242404
-0.273714
-0.061152
-0.289259
0.236704
0.225626
0.413339
0.297023
-0.435271
0.800804
0.743819
0.773893
1.787455
1.305445
-0.046531
0.961212
0.909287
0.504338
0.560331
-2.632316
1.297734
-0.605004
0.714382
-1.687459
1.152931
-1.688139
-0.477081
-0.365811
-0.870048
-0.309351
0.227426
0.785569
2.419142
-0.469639
0.725306
0.972952
-0.510764
-1.158704
-0.434911
-0.677781
0.863386
-0.776770
0.847781
-0.668283
0.020306
0.659412
0.316161
0.295461
0.820121
1.134154
0.009700
0.246308
0.418106
-0.580863
-0.349616
-0.805023
0.430289
0.307859
0.001833
-0.178099
-0.984237
-0.543532
0.189238
-0.091260
0.464096
2.015065
0.377279
0.033236
0.190383
0.124239
-0.506149
0.266346
-2.039359
0.681085
0.302540
-1.330903
0.471970
0.704835
-0.691193
-0.108963
-0.732506
0.906018
-0.304912
1.043441
1.143904
-0.215193
-0.332964
0.957669
0.667857
-1.822729
0.378435
-0.682466
0.967516
-0.714464
0.793099
0.437345
-0.514351
0.335246
-0.238004
-0.760882
0.208224
0.244711
2.338736
-2.292042
0.831108
2.278225
-1.102289
-0.201161
-0.159818
1.141564
0.061034
1.082488
0.181048
0.176979
-1.249091
0.484741
0.794457
0.063481
-2.564190
2.090525
0.105583
0.689935
0.179165
0.029048
-0.821202
-0.145756
-0.039894
1.034597
-0.515381
0.214047
1.527782
-0.514390
-1.051076
0.988100
-0.972267
-0.462283
0.007602
0.389557
-1.241793
-0.663880
-0.566885
1.662877
-0.097074
1.261528
-0.740519
0.067453
1.060024
0.127664
0.760235
-1.448901
0.188399
-1.213618
1.743294
-1.025094
1.674841
-0.375007
-0.347803
1.066258
1.040185
0.679536
-1.985369
1.043860
-0.183386
0.746189
0.509202
-0.183000
0.074893
-0.233869
0.748957
0.535761
0.168336
2.797122
-1.249062
-0.886659
-0.072484
-0.510439
1.734544
-0.082672
-0.092244
1.158713
-0.709414
1.796020
-2.541530
-0.168914
-0.942916
-0.346178
-1.367145
-2.548670
-0.393009
-0.629454
0.177371
1.116421
1.835745
-0.963431
0.091988
-1.330621
-0.603877
0.009429
0.837162
0.805108
-2.094210
1.416556
-0.579404
0.895474
-0.356105
-0.510775
-0.075297
0.127893
1.080803
-0.241903
0.370906
-0.390364
0.716925
0.365499
1.978148
0.098542
1.456270
-1.949840
0.597093
0.038680
1.822844
-1.312684
0.641587
-0.534547
-0.964449
0.581468
0.241582
1.093311
1.077792
-0.875172
0.215655
-0.715369
-1.159178
0.619046
-0.679690
0.401967
0.252567
-2.642214
0.356074
1.554840
0.835797
-0.388466
-1.074220
1.415465
0.106593
0.294496
1.283712
0.037551
-0.315206
0.283170
-1.182764
-1.202798
-0.808800
0.406556
-1.342819
-0.670171
-1.011106
2.837141
1.327639
1.450205
-0.004529
0.134212
-0.343080
-1.015713
2.310370
-1.856440
-0.348081
0.150181
-0.185431
-0.004994
0.473292
1.644885
-0.555061
0.578533
-0.683792
-0.529329
-0.234081
-0.170567
-1.317403
-0.351986
-0.647337
0.558215
-1.116476
1.092607
0.627059
-0.058380
0.427000
0.645614
0.052800
0.219336
0.264941
0.457315
-0.568945
0.403357
0.178337
-0.555228
2.441943
-0.189568
-0.378054
0.992223
-0.372347
-0.781304
0.192874
0.982696
0.349758
-0.240576
-1.592613
-0.577847
0.674681
1.704990
0.296071
0.014134
1.466069
1.230185
0.882525
-0.193887
-0.970340
-0.494565
-0.803105
-0.709432
1.564764
2.060895
1.905082
1.018798
-0.279951
0.874000
-0.192214
0.258609
-0.143242
-1.070541
0.718924
1.644666
-1.729838
-0.807411
-2.771897
-0.072723
-0.256843
0.152593
0.005787
-0.516399
-0.573802
1.284640
2.208109
1.217475
-0.829565
1.766866
1.891467
-0.364901
1.205045
1.442087
-0.651585
-0.090123
-1.379795
-1.693826
0.719529
-1.646134
-1.172343
-1.490077
-0.866073
1.695973
-1.027555
-0.738355
0.497944
1.529207
2.039787
0.618343
-0.030155
0.405142
0.718783
-1.126320
0.292998
-1.575517
1.257955
0.021474
-1.856417
1.146460
-1.042460
-0.137898
0.071478
-0.522066
0.425593
-0.482031
0.923934
0.139771
-0.326576
0.299079
0.273664
1.694507
1.466608
0.898055
-1.192587
0.669533
-0.522343
0.371639
-0.706306
-0.962393
-1.353752
0.496356
-0.957463
1.300402
-0.406330
-0.749351
-0.224759
-1.901149
1.102926
2.359030
-0.944505
0.469128
0.154008
0.483862
0.874286
0.137817
-0.238694
0.651475
-0.180799
-0.150491
1.753046
-0.444495
0.960385
-1.667776
0.011146
-0.508622
0.783917
0.821600
-0.814934
0.608336
-1.645923
0.058318
-0.269561
0.743033
-0.949133
0.958289
-0.332329
-0.396899
1.976953
-1.206063
-0.709282
0.301302
-0.022911
1.167802
0.297046
2.170821
-1.017118
-1.380433
0.389677
0.976532
0.241413
-0.716414
0.721433
0.936983
0.338729
0.788198
0.116321
1.469375
0.017438
0.547652
0.469780
1.051135
-0.903580
-1.771705
0.295825
0.905471
0.124710
-0.552626
0.114030
1.565065
-0.040304
0.845549
-1.672703
0.367806
0.384125
-0.721326
0.113572
-0.235227
-0.566603
0.453152
0.648503
0.715341
-0.292755
1.278708
-0.159767
-0.389963
-0.547085
0.890348
1.455514
-0.971629
-1.501405
-0.433067
1.758469
-0.234190
-1.684647
0.072669
-0.886820
-0.374120
0.224126
-1.655750
-0.365299
0.771943
1.110394
-0.070670
2.390513
-1.943574
-1.080150
0.813792
0.217140
0.109051
-0.690534
1.603421
-0.063933
0.270046
0.090327
-0.714890
0.328759
-0.344595
-0.205924
0.201574
1.092332
0.211041
-1.714770
1.971699
1.325360
-0.370466
0.556426
-1.870419
0.365074
-0.824275
-0.059294
-0.024047
-1.412658
0.805320
-1.015288
1.293614
-0.033630
0.827775
-1.090702
-0.738521
-0.526724
0.461829
-1.148293
-0.974651
-0.150296
0.688264
-0.016481
0.316833
0.326155
-2.377156
-0.161259
0.571139
-1.030862
-0.245933
-0.414814
-2.054928
-1.054595
0.645861
-1.161887
3.334694
0.462244
2.187306
0.174221
3.044437
0.488577
0.931482
-1.183659
-1.039463
1.250874
0.502493
-0.776298
-0.121832
-2.207271
1.001036
0.205256
0.197973
1.062666
0.050949
-0.508104
-0.735040
0.168022
0.560554
-0.164934
-0.163445
0.472337
0.142676
-0.524119
-0.707627
0.838649
-0.797298
1.371074
0.547282
0.577086
-0.369535
-0.973212
1.818007
-1.821371
-0.552292
-0.033853
2.151927
0.158976
-0.458822
1.413224
-0.504286
0.405731
0.166469
-0.161431
0.703033
-0.988318
-0.692913
-0.481188
1.432349
0.031957
0.288310
-0.388769
0.277788
0.856058
0.525753
1.147467
-1.069094
-0.828218
-0.578399
0.172295
1.268221
0.001366
1.647862
-0.590380
-1.647836
0.502037
-0.138052
0.901705
-1.063901
-1.062581
-2.014623
-0.649326
0.060053
-0.787807
-0.312073
-1.055486
-0.079906
-0.028458
0.554110
0.837356
-0.454349
0.556660
-1.515490
0.140079
0.618899
1.170436
0.031712
-0.300677
1.523147
0.841431
-1.889083
0.519376
0.548846
1.452406
0.367661
-0.166022
0.266067
-1.748967
0.620657
-0.996518
0.393873
-0.432970
-0.231626
0.851969
0.096149
-0.751720
-0.953458
-0.434664
-0.753345
-0.483578
-0.856451
0.739202
0.792098
-0.039088
0.273795
1.765111
-2.436346
0.856889
0.026548
-0.552051
-0.214714
1.154496
-0.411414
0.049081
-0.055155
-0.778467
0.639344
0.539125
0.197420
0.612009
0.946742
0.615022
0.118678
3.218864
0.113494
-1.226777
0.525895
-0.901436
1.941363
-0.353974
-1.523587
-1.108114
-2.430227
0.387713
-2.031624
-0.070930
-1.596522
-0.259918
-0.410439
0.375320
-0.263050
1.001393
1.978488
-0.090839
1.348885
0.595933
1.040889
-0.070706
1.644940
2.614704
0.188650
1.212707
-1.634344
0.385762
1.810520
-0.808123
-0.733607
-1.741145
0.366238
0.636209
-1.276005
0.471598
-0.278516
0.846666
0.847396
-1.136435
0.253036
-0.744260
-0.846335
0.032905
0.106572
0.729493
0.376780
1.054376
0.380616
-0.913756
0.240173
-1.660513
1.649914
-0.658345
-1.115214
-1.437228
0.380827
-0.184036
0.309864
0.362397
0.656165
-0.176729
-1.241402
0.548990
-0.172802
0.969821
-0.124901
1.396159
0.194073
-0.513840
-0.556244
-1.447921
1.437348
1.573032
-0.451513
0.273948
1.721883
0.135974
0.247183
0.728030
-0.533032
0.861414
-0.632621
-2.470588
-1.624614
0.763328
1.927951
-0.416119
-3.674533
-0.088159
-0.099774
0.014487
-1.294707
0.748707
0.647059
-0.360706
-0.688489
-0.058100
0.610226
-0.916406
-0.306888
-1.399539
-0.867310
0.375899
-0.455538
1.524386
-1.118355
0.720960
-0.128966
-1.300637
0.450614
0.582451
-2.040825
0.237719
-0.023043
1.332593
-1.555221
-0.333816
-0.586361
0.149170
-0.497763
-0.116576
-0.910066
1.038226
-0.615833
-0.464318
1.176797
0.368691
0.820740
-1.196064
1.038268
0.967336
-0.340870
1.320559
-1.144226
1.050749
1.419608
0.952257
-1.155781
-0.852283
-0.508595
-0.985316
0.408455
0.156881
-0.067741
-1.511363
-1.158787
-0.224881
0.842187
-0.752042
-1.594025
0.542599
-2.152210
1.132047
1.799645
-0.627212
-0.971291
-1.498925
1.106560
-1.146246
-1.268295
-0.912885
-0.874787
-0.995207
-0.026065
-0.471427
0.698329
1.385077
1.126920
-0.205362
-0.693136
-0.279306
1.106986
-0.859409
-0.361727
-0.130695
0.711588
-1.133563
-1.978900
-0.631264
0.931858
1.564179
-0.394441
0.714685
0.368802
-0.891124
-0.194674
1.252047
-0.147455
-2.238448
0.186931
-0.213201
0.975196
-0.272880
0.320910
-0.741183
1.950244
-1.344563
0.502962
0.937637
0.583736
0.164611
-1.364799
0.170527
-1.973513
-1.215259
-0.370258
0.104263
0.264262
2.235892
-1.277486
1.622927
-0.996429
-0.303007
1.470687
-0.532521
-0.433600
1.910260
0.719638
-1.045624
-0.565514
-0.181278
0.644272
-0.064700
1.022524
0.400521
0.927065
-0.754644
-2.079138
-0.374571
-1.627048
0.548992
0.856769
0.699580
-0.617817
0.058696
-0.970192
1.019065
0.110386
-1.999551
0.669595
-0.615857
1.476506
-0.953557
-0.073275
0.517678
1.743019
-0.129089
-1.657585
0.651364
