0.000000
0.724933
0.880963
0.647390
-2.091188
1.405529
-2.118480
0.517972
0.760730
-0.675083
-0.070586
-0.655085
-0.541718
0.802207
0.753154
1.225057
-0.328464
0.488927
-2.061057
0.050571
0.222765
2.586850
-0.140086
-0.325421
1.759100
-0.133281
1.348890
0.905497
0.730266
-0.530056
-1.226960
-0.783299
1.176608
-0.245954
1.642736
0.526204
-0.208387
0.163922
0.603441
1.633107
-1.392454
1.035838
0.272103
0.707498
0.900952
0.372280
0.317398
0.038164
-0.509811
0.315713
3.003008
-0.017144
-0.639189
-0.453677
-1.581343
0.904168
-2.209316
-1.228959
2.308110
-0.701335
-0.150097
-0.627257
1.454785
2.840222
0.813657
0.442874
-0.925956
-0.061710
0.448767
0.648815
-0.546840
0.353664
0.447213
0.283538
-0.760687
-0.790522
0.104841
0.099534
0.139953
1.325387
-0.465880
0.441927
0.753159
-1.435972
0.645302
-0.053568
0.505904
0.354591
-0.815138
0.160568
-0.731926
1.114677
2.091059
1.565279
-0.247402
-0.363387
-0.704764
-0.908147
-0.910188
-0.004431
-1.157648
-0.012769
-1.174706
1.557829
-0.146343
-0.366462
-0.056815
-0.616492
0.076130
0.257156
-0.577155
-0.310771
-0.694755
-0.823273
2.067178
1.326624
1.016539
-0.056607
-0.204210
2.652688
-0.273474
-0.160261
-0.233800
-0.660939
1.186350
-0.862546
-1.363880
0.288425
-0.612440
-0.082797
0.269022
1.292326
0.614928
0.096954
-0.619342
1.061829
-0.195201
-1.476753
0.571410
-0.631016
-0.602984
0.947269
-1.469992
-0.401127
-0.128716
-0.409333
-0.719793
0.347872
-0.909957
-0.876417
1.104612
0.660707
0.818509
-0.544529
1.151036
0.156152
0.006684
-1.798727
0.693705
1.806236
-0.105644
-0.175454
1.831264
-0.134097
-0.353502
-0.103613
-0.168468
-0.215215
0.215912
0.951191
1.987858
0.819217
1.197012
1.588389
0.198827
0.072388
-0.685287
0.524204
1.526168
-0.350362
1.516390
0.170534
0.408934
-0.295688
1.204016
-1.272726
-0.645519
-0.819345
-0.873394
-0.592493
0.222112
0.794021
0.890073
-0.607537
1.223275
2.137382
2.713408
0.258606
0.379917
0.339704
-0.293601
-0.598317
-0.266080
0.976811
-0.596241
-1.207334
0.224432
-0.817631
1.515758
-0.677182
1.201249
-0.101906
-0.339110
-2.090218
0.267512
1.228653
0.590298
-0.002126
0.565661
-0.336842
0.093519
-0.091107
1.458447
-1.028296
-0.014083
1.490295
-0.030470
-1.222680
0.726717
-0.819496
-1.653217
-0.906195
0.136882
0.049512
0.312035
-0.748995
-1.386161
-1.867307
-0.377535
1.963346
0.001811
1.248569
0.227064
0.169285
-0.680777
1.186425
-1.751026
1.114830
-0.782627
0.496388
1.201351
1.781945
0.340455
0.488159
-1.029795
-0.263040
-0.100436
0.194689
-0.718065
-0.033051
-0.213094
-0.934588
1.008732
0.705332
0.162135
-0.986093
-0.059616
-0.137969
-0.988755
-0.806181
-0.151103
0.699523
0.002564
-0.452064
0.038288
0.722953
0.094207
-0.962636
0.691982
-1.394519
-0.309580
0.334611
0.205656
-1.044203
2.671169
0.601182
0.806927
-0.099321
-0.040041
1.557636
-0.500357
1.284907
-0.535065
-0.239213
-0.878349
2.568805
-1.336454
-0.207601
-1.331624
-0.062886
-0.369974
0.503405
2.124722
0.163055
-0.894004
-0.152342
-0.232552
0.120495
0.428807
-0.111113
0.049657
-1.087141
-0.487641
-1.037176
-0.300572
0.455388
2.515291
-0.711158
-1.164949
-0.264325
-1.578964
1.280433
-0.968068
-1.594188
0.207276
-0.630460
1.662090
-0.558466
-1.121804
0.077149
-0.228911
-0.787893
0.503817
-0.327574
-1.124589
-1.252690
0.607218
0.274256
-0.090158
0.009112
0.063843
-0.187950
1.417931
0.049587
-0.117275
-0.098008
-0.917339
0.353893
-1.053374
-0.580778
2.102224
0.699990
-1.881246
-1.824464
-0.397104
-0.194917
1.226720
0.509720
0.505965
0.784311
0.424633
-0.246329
-0.213721
0.160279
0.454050
0.314605
-1.110327
-0.300114
0.018515
-0.260883
0.766132
-0.051186
0.074092
1.049158
0.982521
-0.590794
-0.069883
-0.405471
0.198789
0.575392
0.338033
0.746432
0.785163
-0.131885
-0.522953
-0.993194
1.830808
-0.370121
0.476426
1.237007
-1.127443
-0.428305
0.374417
0.527366
1.337902
1.856276
-0.639916
1.044257
-1.727313
-0.558684
-0.264871
0.423727
-0.572217
-0.034266
1.105563
-0.559014
-0.467089
0.522993
-1.398453
-0.924497
1.153794
-0.258993
-1.238916
-0.550598
-1.633843
2.423669
-0.352472
0.371191
-0.178605
0.030737
0.017269
0.632473
0.550438
1.058571
0.494016
0.246124
-0.253001
-0.118995
0.874616
-0.319294
0.420230
0.383691
-0.362479
0.219372
-1.015179
-1.581296
0.975263
-0.982873
1.741640
-1.022847
-1.006365
0.155675
-1.030759
0.149943
-1.409968
2.870687
-1.484282
-1.402267
-0.552004
1.383422
-0.881425
0.107017
0.622085
-0.499164
-1.163340
-1.285106
-0.723760
-0.060605
-0.396639
-0.815341
-0.386675
1.582778
-1.261349
1.515596
1.752298
-0.860693
1.347726
-1.192862
-1.391246
0.925269
-0.278690
1.008899
-0.128182
-1.526972
0.134132
-0.028600
-1.212136
-0.789216
-0.511524
0.139560
0.070662
-2.099786
-1.398259
-0.740675
-1.549923
1.670056
0.085069
0.039134
0.691204
-1.696890
-1.756662
0.093198
0.747717
0.981674
-0.730051
-1.365482
1.766525
0.597513
-0.800459
-0.297716
0.039120
0.304195
-1.340964
0.704634
0.369044
-0.486375
0.277041
-0.508554
-1.013941
-1.003440
1.108544
-0.440796
-1.377980
0.539011
-0.684279
-1.557295
-2.272703
-0.173928
0.268167
0.078193
0.306213
-1.857150
-1.108243
-0.975609
0.022276
-0.357174
-0.566481
-0.402118
0.078891
-0.411174
-1.239884
-0.860978
1.507716
1.211667
-0.464870
0.551953
-0.057358
1.535718
0.409536
0.459970
0.317185
0.647707
-0.238337
-0.640520
-0.168611
0.775432
-0.052047
-0.206983
-1.459319
-1.676941
0.408064
-0.480864
0.153121
1.950130
0.973617
0.557698
0.228122
0.042058
-0.145791
2.278917
-0.660774
-0.004023
-0.241471
-0.134387
-0.779652
0.425652
-0.220149
0.328707
1.228814
-0.322390
-0.863133
1.521133
0.421835
-0.332106
-1.782506
-1.227343
0.462883
0.046871
0.915684
1.112848
0.556222
2.361087
-0.553062
0.884051
-0.136080
-1.017231
0.714164
-0.363289
-1.555280
0.354218
1.129429
2.058692
1.014328
-0.170323
-0.898898
0.242896
2.152554
-1.069778
-0.149415
2.469791
0.217678
1.840324
0.712054
1.075789
0.340842
-0.035093
-1.567993
-0.961345
0.005370
-1.221153
-0.157375
-0.034203
0.361984
-0.126498
-0.422778
-0.640946
1.333420
0.248431
0.661443
1.856123
1.569213
0.922694
2.253936
-0.603031
-0.811558
-0.366954
0.198514
2.215814
0.692040
-0.185251
-1.252968
0.893282
-1.837458
-1.273363
0.104215
-0.029424
-0.128599
-1.565873
-0.566009
0.186604
-0.260311
0.106005
-1.526120
-0.472077
-0.228865
0.155432
0.047407
-0.306210
-0.565363
0.450572
0.366007
-1.331165
-1.931516
-0.951181
-0.713243
-0.276494
-1.178845
1.083768
0.526016
-1.494352
-0.791121
1.520176
-1.341203
-0.842613
-1.855362
-0.009079
-1.100655
-1.485366
-1.420456
-1.352407
-1.620341
-0.414694
0.789071
0.194224
-1.094000
1.178938
-0.464186
-0.154088
-0.725536
-0.324853
0.135117
-0.314507
1.041910
-0.882790
-0.689941
-2.750400
-1.325231
1.145410
0.748113
0.569336
-0.823290
0.205543
-0.114537
-0.031298
-0.788166
-0.433161
1.468173
0.039343
0.751099
-1.369222
-0.240344
-0.444320
-1.167077
-1.029053
1.780597
-0.231879
0.241090
-0.026540
0.124763
-0.476893
1.197727
-0.594518
-0.121593
-0.245959
0.867334
-0.007155
-0.408266
0.296837
0.824538
0.436086
0.696150
-1.290243
2.457698
-1.243642
-2.049303
0.364283
-1.011749
0.315643
1.413574
-0.406394
0.098613
0.504782
-0.330311
0.582741
1.267411
-0.122373
1.085062
-1.513947
0.319406
-0.129899
-0.364638
-0.896214
-1.983677
2.261814
0.215795
0.259973
0.956518
-0.655497
-0.416828
-0.549461
1.461090
0.352379
-0.730947
-0.698550
1.684630
2.149097
0.144521
0.544856
-1.199332
0.319491
-0.113960
-0.787208
-0.429245
-0.717107
-0.453920
2.890334
0.014030
0.552247
-1.136683
-1.122328
-0.697492
0.158791
0.146061
-0.543572
-0.686827
0.061131
1.132272
0.555929
0.139081
-0.429429
-0.552329
-0.434622
0.972992
0.123042
1.010290
-0.161260
0.387957
-1.383403
2.773835
-1.281136
-1.045260
0.714072
0.315635
-0.051892
-0.737362
0.101146
1.431066
2.959861
-0.297198
1.366749
0.559179
0.322219
-0.581301
-0.183288
-0.407157
-0.160294
-0.649070
0.047056
1.209983
0.248585
0.025586
0.273896
-0.341531
0.157467
0.246894
0.846811
1.362791
-0.238744
-0.399730
1.067793
0.406578
0.251930
0.381963
-0.585180
1.770741
0.130867
1.548906
-0.079521
-1.054206
0.054519
-0.584224
-0.784459
0.519431
-0.361325
0.850024
0.199835
-0.303565
-0.228063
0.244328
-1.325411
0.768783
-1.385847
-0.594590
0.749379
-0.060346
0.108460
0.815983
0.785146
-1.279207
1.136487
0.099829
-0.408247
0.331095
0.242103
-0.587322
0.322442
0.668403
0.176789
1.987391
0.519712
-0.035842
1.681052
0.867749
-1.800843
0.586661
0.895482
0.114419
0.646756
0.225009
0.481621
-0.368132
-0.534451
-0.831853
-0.784855
0.094005
-0.504667
-0.576794
-0.130890
0.985250
1.331864
0.077917
1.526863
2.441788
-0.380618
0.211111
-0.766011
-1.037160
-0.561408
-0.300557
0.002440
0.784546
1.697716
0.049012
-0.100242
0.991432
0.316419
0.890494
-0.573550
0.304771
0.095095
-0.259729
0.730744
0.394692
0.453473
-0.431182
1.305087
-0.386561
-0.698657
0.849899
0.726381
0.945979
1.146143
0.301841
-0.496418
-1.818754
0.265475
-0.749275
-0.143908
1.694876
0.900498
-0.722526
0.169385
2.303098
-0.270319
0.308963
-1.042328
-0.225556
1.129543
0.507303
1.725403
0.857275
-0.805196
-0.765598
-2.143840
-0.012988
0.434623
-0.649798
-0.026790
0.868898
-1.528522
-0.396200
2.076985
1.377471
0.721350
-0.492040
-0.390749
0.523336
0.493559
0.987456
0.419083
-0.014483
-0.236802
1.405546
0.033481
-1.613430
0.431697
-0.181347
-0.718739
-0.744231
-0.900017
-0.016007
-0.710849
1.256062
-2.062568
-0.733680
-0.825517
-0.307906
-0.294629
1.602096
-0.588578
-0.606835
-0.059567
-0.521176
-0.079444
1.314701
0.422300
0.084240
-0.264490
-1.059482
-0.286736
0.950187
1.019193
0.096723
1.775782
0.204387
-1.169614
1.976389
-0.855643
-0.846615
-0.361219
1.496347
-0.213430
1.051164
1.325875
-0.454433
-0.480271
-2.030561
-0.311828
0.243935
-0.077479
-1.230439
-1.152223
1.235368
-0.549609
-1.586090
-0.442989
0.334580
0.885135
-1.011424
-0.629871
-2.441565
-0.648582
-0.455176
-0.236718
-0.324792
1.670559
1.627228
-1.186496
-0.044858
-1.201076
-1.208565
1.241561
-0.000898
0.129995
