0.000000
-1.451803
-0.524464
-0.336079
-0.244251
-0.647667
0.275120
0.835778
-0.653505
-0.578543
-0.015325
-0.373430
-1.050888
1.840749
1.150012
1.266965
-1.445698
1.313195
0.496484
1.107770
-2.126741
0.658554
-1.770095
-0.443904
-0.648056
-1.186249
-0.162253
0.381819
1.189928
0.633664
0.479179
-1.146851
-0.593535
0.180813
0.003791
0.019018
-1.549808
0.629493
-0.350318
0.948270
1.930335
-1.840548
-0.924234
0.606502
0.305806
0.949345
0.085492
-0.195286
-1.223805
-1.279176
-1.363474
-0.776832
-1.232301
0.297380
1.245629
0.471903
0.487026
0.311089
-0.747995
0.381226
-0.612353
1.560096
0.241229
0.026456
0.423338
0.316821
1.565379
1.881553
0.405842
0.438317
0.528710
0.159431
-0.836718
0.036704
-0.568006
0.826228
2.526715
2.072899
1.897448
1.258355
-0.261717
0.326283
-0.144813
0.137500
0.096557
1.377863
-0.259247
0.847600
-1.639933
0.416344
0.732306
1.308493
0.060703
0.868811
-1.417983
0.083198
0.476068
0.037579
0.039469
1.330455
1.465444
0.339849
-0.677008
-0.595022
-0.397428
0.328100
-0.682382
-0.766975
0.859882
-0.111374
-0.844142
-1.101572
-1.453024
0.713565
0.364723
-0.676413
-0.459868
-1.258429
-0.490678
1.550191
-0.884854
0.645325
1.305916
-0.511818
-0.558499
-2.328168
0.373370
1.127500
-0.230836
0.587376
0.078132
0.459079
-1.025607
-0.611356
-0.164383
0.121539
-1.848079
-0.595285
0.978991
0.812669
0.562237
0.390157
1.611386
0.209289
1.148954
0.612703
-0.726834
1.402100
0.234294
0.502821
-0.561822
-0.474180
-0.643091
-0.740613
-0.900730
-0.489413
-0.652418
0.550383
0.655395
-0.797511
0.772626
0.028714
0.928916
-0.803659
0.374152
1.016580
-0.421575
0.144179
-0.810929
-0.675205
0.540080
0.693108
-1.699063
-0.967168
0.517291
0.395670
-0.014840
-0.018114
1.068627
1.185050
-0.759517
0.371026
0.747467
-0.125625
0.585176
-0.729424
0.841201
-1.074842
1.313410
1.090304
2.359693
-0.573569
-0.888249
0.324449
-0.853190
-1.503515
-0.023118
-1.920195
0.898669
2.582847
-0.247647
-0.075966
-0.190367
0.283848
0.261020
-0.142507
1.897637
-1.474790
-0.479015
0.227463
1.087325
0.536142
0.210075
1.564415
0.971552
0.329023
-0.698705
-0.977973
-1.340543
-1.811013
0.031371
0.570463
0.686338
1.955140
0.098672
1.535232
0.541357
0.197984
-2.711296
-0.144184
0.748788
-0.811025
-2.126663
0.127504
-0.655366
0.058311
0.356941
1.673514
1.060940
-0.803397
0.167819
0.998629
-2.089581
-1.252860
-0.156693
-0.905656
-0.950672
-0.732587
0.566579
0.011254
-2.018310
0.568807
-0.792296
0.663236
1.226704
-0.345757
1.256610
1.014838
-0.301914
-0.698034
1.609204
0.360879
0.668787
-3.417852
0.585692
0.406461
0.274187
1.126208
0.036227
0.026197
-0.305252
-1.320326
0.354193
0.239398
1.043779
-0.461635
0.734290
-0.337730
0.811515
1.400424
-0.954024
-0.779545
-1.321144
-0.648783
-0.957074
0.994002
-0.410375
-0.214672
-1.936152
-1.129452
-1.736374
-2.127475
-1.129346
1.607407
1.643033
-0.257507
-0.994916
0.084810
-0.864664
-0.269281
-1.235410
0.071343
0.685427
0.213248
-0.303761
0.437677
-0.984569
-0.467867
-0.822131
-0.873014
-0.905574
-1.827151
0.919245
-0.222188
0.713279
0.201497
0.367222
-0.175055
-0.580696
0.661466
1.961444
-0.077386
0.547585
-0.169218
-1.460204
-0.862248
-0.423233
1.052637
0.480328
0.412226
-0.750341
0.851318
-0.793789
-0.051339
0.683639
1.263334
1.607616
1.270602
1.312736
-0.398085
0.137779
0.124477
0.074944
0.400277
0.556483
0.765937
2.703616
-0.792655
0.716958
-0.556285
0.923291
0.371637
2.032680
0.738766
0.156222
0.064940
0.579778
0.294830
-0.744194
0.179079
0.243615
-2.055765
-0.296827
2.277587
-1.171569
-2.554254
-0.472016
-0.987349
-0.225085
0.652443
0.940996
-0.438594
2.127114
0.320882
0.383839
-0.498038
-0.388769
-0.991176
0.009825
0.738604
0.170988
0.983618
0.772183
-1.189676
-0.668466
1.540358
0.213776
0.564866
-0.703516
0.407609
-1.255840
0.159799
0.171000
-0.071878
-0.094889
-1.474098
1.305460
-0.695698
1.110179
-1.703395
2.258689
0.689373
1.458703
-1.158833
1.059082
1.483268
1.490002
0.769321
-0.599491
0.856328
-0.382743
0.202447
-0.807473
-0.468619
0.036162
-0.304468
-1.174764
1.354697
1.357638
-0.404727
1.817660
0.658574
-0.462853
-1.038607
-0.205727
-1.966940
-0.942461
0.543873
0.752677
-1.372853
-0.555523
0.539318
-0.041155
0.258733
0.952674
0.371287
2.054522
-0.055259
-0.053490
-1.991216
-1.643417
-0.590015
0.586194
0.995073
-0.163070
0.402088
-1.522329
0.988217
0.468387
-1.233722
-0.710239
-1.477788
0.254727
0.040775
1.191605
1.527567
-1.032056
-0.090828
-0.572695
1.283633
0.403248
-0.710895
-0.873324
1.760766
1.131342
0.725057
1.979845
1.928944
-1.057824
-0.610114
-0.298285
1.687555
1.085835
-0.060562
-1.820328
-0.850509
-0.640171
0.527896
-1.794536
-0.962747
-1.683166
-0.851942
0.757436
-1.806963
0.234726
-0.757131
-2.084790
0.341367
-1.648173
0.541609
1.606767
-0.314022
-0.257171
-0.778758
0.345248
-0.822342
-1.303872
-0.296521
0.154898
-0.754639
0.425903
0.354053
0.278322
1.657047
0.790763
1.200088
0.836184
-0.836186
-0.191459
-0.320761
1.353057
0.029653
0.762858
1.136378
-0.958596
-1.857370
-0.183125
-0.329592
0.430066
0.685157
-1.111808
-0.234192
0.812443
-0.007191
0.599360
-0.013077
-0.806500
0.788916
1.251498
1.520279
-1.133607
-0.176678
-0.627386
0.680770
2.751940
0.689514
-0.033990
1.574978
-0.534645
0.228950
-0.620606
-0.281639
-0.047096
0.274388
0.983904
0.656610
0.275963
-1.246605
-0.374020
-0.799403
-0.075127
-1.837570
-0.375887
-2.210040
-0.166507
0.360146
-1.061771
0.744047
-0.665467
-0.529458
0.790683
0.835251
1.278645
-0.724283
0.806489
0.421510
1.700842
1.242555
0.238464
-0.147204
0.728795
1.443840
1.707449
-0.832247
-1.114625
-2.952653
-0.054581
0.112850
-1.213735
-0.751501
-0.412111
0.473696
1.223165
1.202331
-1.447375
-1.178785
-0.046872
1.327780
-1.768382
0.222018
-0.897847
-0.223522
-0.779295
-0.577944
0.007759
-1.535185
0.183816
-1.135036
-0.282177
-1.488592
-0.381321
1.954350
1.606449
1.539266
0.883341
0.856722
-0.088495
0.760238
0.686907
0.708970
1.755770
2.065237
1.814915
0.473853
0.182750
1.984905
1.062781
0.660842
-0.464523
0.272474
-1.075781
-0.755510
-0.735819
0.059563
-1.166879
-2.633530
0.312688
1.791561
1.202130
1.061503
1.028734
-1.178670
-0.686479
-0.333894
-2.277959
1.592498
0.236432
-0.170167
-0.425741
0.860284
-0.998423
0.658230
-0.850595
-0.230709
0.345120
-0.244803
2.090518
0.637744
-2.397530
-1.246308
-0.445923
-0.514402
-0.645407
-0.797671
0.377946
-0.736023
0.647055
-1.773300
-0.334777
0.606838
-1.247874
-0.412522
-2.865085
-0.709126
-0.388626
0.672094
0.325168
1.096281
1.753129
-1.604405
0.221178
-0.001796
-0.091963
1.853194
1.333250
-0.558950
0.327178
0.755019
1.112790
0.550505
0.587581
-0.444806
1.446946
-0.978584
-1.293289
1.197416
0.634906
-0.521079
0.709280
1.370455
0.419710
2.867653
1.337635
0.390279
-0.012368
0.224263
-1.724835
1.084643
0.018689
2.282971
-0.003697
0.632979
-0.308433
-0.621781
0.185869
0.474299
2.661704
1.107106
-0.029750
-0.378673
-0.159709
-1.386160
-0.104946
0.843573
2.215922
1.716512
-0.497664
1.762336
-0.688069
-0.529772
0.920603
-0.754398
0.504224
-1.387583
0.016275
-0.423433
-0.222318
-0.094225
0.557995
-0.672759
1.892588
0.307443
0.688465
0.563661
0.748608
-2.274538
0.556535
0.777612
0.007178
1.450958
0.121811
0.999759
-0.455813
-0.390112
-0.567139
0.088822
-1.648489
0.540490
1.340608
0.418269
2.126652
0.610959
-0.270822
1.924871
0.804211
3.359900
0.016496
0.566648
-0.054509
-0.572396
0.852367
0.040724
0.093690
0.170642
0.190812
0.076591
-0.398425
0.836128
0.255847
-0.080324
-1.020408
-0.003517
0.165512
-0.204509
-0.197842
-1.179448
-0.205394
-0.925149
-0.893266
-1.058005
-0.346174
-0.680711
-1.052163
0.379919
2.961465
-0.190961
0.534419
3.421820
0.052174
1.837781
-0.681463
0.005849
0.263059
0.259524
0.470656
-0.538813
0.008660
2.304331
0.463996
0.376721
0.375375
1.393366
-0.059363
-0.346341
1.605535
0.630449
-0.017669
2.058748
0.153778
1.203410
2.574054
-0.623567
1.288643
3.168479
0.049836
-1.446981
-1.951472
-0.920560
0.713060
-0.930571
0.652055
1.492671
1.838616
-0.138614
1.225856
2.142881
-0.242656
0.663975
0.461490
-0.803134
0.596836
-1.763747
0.053411
0.873595
-1.272195
-0.534088
0.239694
0.208348
-0.799772
-1.107650
-1.096717
-0.011201
-1.665529
-1.444363
-1.211015
0.605339
-1.530370
-2.719205
0.273315
-0.654816
0.527668
-0.400277
0.838066
-0.314735
-0.045706
0.744728
1.737044
0.841977
0.958814
0.281035
1.603592
-0.529907
-0.361136
0.703258
0.922919
0.413892
1.253105
0.008666
0.552716
-1.010024
-0.284280
0.990862
0.408417
-1.046913
0.816923
0.116251
-1.492536
1.147104
0.396660
0.467935
1.096556
-0.030685
0.099679
0.968929
1.536123
-0.057832
1.952970
0.522563
2.499881
1.914886
0.772612
0.152302
-0.022277
0.821811
1.757697
-0.403672
-0.480751
2.463710
1.888985
1.410479
-1.062519
-1.262567
-0.178143
-0.065647
-0.604564
-0.742190
2.145670
0.501789
0.637910
0.139206
0.944064
-2.022883
2.041456
0.476308
-1.736493
1.125936
1.086909
-1.667595
1.326965
-0.394091
1.020292
-0.300365
0.218668
-0.397441
0.691923
0.058590
-1.543016
-0.718759
-0.197608
-0.778349
1.499019
-0.373882
-1.168573
-1.806296
-0.168314
-0.085692
-0.406827
0.159283
0.558221
-1.579166
0.412013
-0.453691
0.388486
-1.637339
0.369785
-0.727501
1.215762
0.274935
-1.881332
-0.463341
0.796770
1.505385
0.459668
-1.592511
-1.740616
-0.541064
0.528330
1.155755
0.506307
-0.089992
-0.562439
1.347318
-1.114463
0.119589
-0.162319
0.532611
-0.339304
0.498923
-0.898555
-0.737325
-1.493224
-0.778035
-1.878314
-2.034196
-0.326322
-0.860676
-0.702442
-0.046715
0.098279
0.647477
-0.351140
0.921442
-0.013429
-0.462381
0.532212
0.895167
-1.368514
-0.795285
1.787999
0.335535
-1.172845
-0.437609
-0.392654
-0.003278
-1.101884
1.767314
1.566236
0.942440
-0.533317
-0.768466
0.411453
-0.768792
-0.948253
-0.271590
0.931465
0.825561
0.517777
-1.122043
-0.380059
-0.314610
1.258106
0.911358
0.312257
-0.646743
0.453489
1.781889
-0.661789
-0.771256
0.098559
-1.294082
-0.619344
0.019539
0.486058
0.054279
