0.000000
-0.267046
0.111296
-1.139431
-1.769014
-0.338614
0.827976
0.210392
-0.880069
0.777871
-1.124530
-1.892654
0.794109
-0.199057
-0.551973
0.991283
-0.718596
0.205229
-1.145391
-2.340033
-1.651342
1.737663
0.232945
0.471132
0.693930
-1.109186
1.369740
-1.930685
-0.060579
0.345532
1.831360
0.550813
-2.042748
-1.367528
-0.146100
-0.014766
1.012773
0.044102
1.052245
-0.045226
0.715054
-0.634701
-1.793851
-0.453243
1.048543
-1.420634
0.513181
-1.214247
-0.415697
-1.604386
0.395789
0.358007
0.433918
-0.347900
0.185988
-1.783847
0.716356
-0.262357
1.749217
2.068011
0.220420
-0.031218
-1.693481
-0.811668
-1.091674
0.452899
1.289275
0.099205
1.160232
1.224458
-1.289735
-1.374557
0.346376
-0.744568
-1.658915
-1.114056
0.958162
-1.055173
1.587863
-1.117267
1.353466
-0.362837
-1.088956
0.206629
0.566996
1.515418
0.382439
0.869782
-0.141635
1.363702
-0.769758
0.741819
-0.703037
-0.558663
1.083341
0.832835
0.510844
-0.906087
-1.409534
-0.887307
0.191911
-0.445918
0.388746
0.649799
1.196058
-0.487864
0.082943
-2.664083
-0.475400
1.058140
-0.361309
0.570669
-0.445326
0.498315
1.013284
-0.682899
0.499804
-1.295347
-1.077298
0.949531
0.736102
-0.255100
0.258587
-0.929265
-1.834282
0.663723
-0.236851
-0.248577
2.186347
-0.607673
0.884931
0.307383
1.512491
0.877293
0.144213
-0.606676
-0.388013
-0.168865
-0.152512
-0.379148
0.339033
0.912248
-1.584179
-1.611088
-0.256344
0.362915
-0.547915
-1.811520
-1.724582
-0.729652
-0.412319
0.280296
-1.263016
-3.705123
-1.307060
0.409518
1.016693
1.629602
0.838948
0.236869
-0.139251
-0.445439
-0.597471
0.505813
-1.168351
1.592780
0.839268
-0.749722
0.895594
1.315557
0.655854
-0.250959
0.519146
0.275346
0.443147
-0.145213
-0.108455
1.571854
0.048280
0.163030
0.246153
1.144451
1.140544
0.461823
-1.061594
0.245346
-2.143628
-0.458912
0.204883
0.277699
1.532654
0.266277
0.278229
1.239592
0.027738
-0.125064
1.407568
0.957804
-0.842312
0.652170
1.903354
1.762905
1.670436
-0.397930
0.564043
0.181273
1.143360
-0.046765
-1.448342
1.139630
-0.217046
0.420898
0.899348
-0.414843
-0.745980
0.328150
-0.079706
-0.609997
0.834354
1.824493
2.855371
1.882095
0.242887
-1.227594
0.477694
-1.778217
-1.431842
-0.194680
-0.181643
0.454735
-0.721089
-1.287294
1.478286
-0.388097
0.315434
0.135446
1.683933
-0.307215
-0.530281
1.447390
0.660907
0.298263
-0.324563
0.850124
-0.120980
0.681280
0.467044
0.034582
1.078290
-0.958347
-0.630949
-0.462277
-0.383235
0.985267
-1.565604
1.397678
-0.075851
0.019110
0.974448
0.054984
-0.326077
0.314205
-0.774439
-0.274728
1.652405
0.239661
-0.734464
1.557687
0.806656
1.883825
0.391637
0.043935
-0.167517
-0.022767
0.142686
0.386374
-0.396722
-0.207308
1.028933
-0.002908
0.705612
0.414672
1.779628
1.572783
-0.304497
0.709357
-0.477944
-0.014754
-0.892388
0.619715
0.713708
-0.246021
0.392752
-0.979530
-1.359003
-1.585115
-0.670078
-0.175623
0.119524
0.098809
-0.032986
0.432079
-1.716565
1.516203
-0.094121
-0.648396
0.087386
0.274316
0.516896
-0.516222
0.598316
-0.090663
0.778615
1.815796
0.244031
0.492675
-0.003537
0.431692
-0.442063
-3.244818
0.566584
-0.628789
0.027409
0.342316
0.606759
1.440018
1.116645
0.052073
-0.769645
-0.078938
0.330557
-0.871504
-1.566735
0.391347
0.682947
-2.178922
1.126045
0.203074
-0.636154
0.521903
1.523941
1.331745
1.092879
-0.546509
1.048823
1.025253
-0.965103
1.766356
-0.331076
0.313748
0.247101
0.958904
-0.302688
-0.257821
-1.349532
-0.981893
-1.818810
0.968143
0.963042
0.099902
0.121701
-0.733337
0.023751
-0.224411
0.450834
-0.458315
0.986538
0.565773
-0.270452
-0.921404
-0.352472
-1.678207
-0.115755
0.785951
0.180988
-2.315063
-0.138259
-1.687065
0.504501
-1.673504
-1.804981
-1.405712
-1.278281
0.958667
1.277333
-0.097740
-0.470198
-0.808581
-0.296160
0.822111
0.727010
-1.247723
-0.618265
-1.050390
-0.393106
-0.692691
-0.288633
1.566338
0.427969
-0.315569
1.800088
0.286739
0.900070
1.819322
1.025423
-0.774905
-1.341331
0.805251
0.627996
-0.969768
-1.419881
0.684735
-0.672800
0.895092
0.405926
0.787290
-0.514337
0.735210
0.570934
0.392871
0.129840
-1.039077
-0.096666
1.289523
0.924624
-0.072129
-0.401193
-0.675655
-0.194687
1.933670
1.237761
0.692872
-1.575369
-0.672806
-1.812187
0.489176
0.145885
1.057789
0.485888
-0.587032
0.449081
-1.219965
0.238854
2.500405
1.682198
-0.007002
2.017109
1.796476
-0.032995
0.206606
0.968429
-0.762450
0.272687
1.452765
0.354586
0.455968
0.703301
0.293597
-1.185821
-0.377895
0.680828
0.956248
0.252238
1.149597
0.527575
-0.854351
-1.201037
1.238206
1.069880
-0.172866
-0.206304
-0.234400
-0.054194
-0.128724
-0.838207
1.156165
0.582652
1.474444
1.010197
-0.858924
0.516818
1.504415
0.634327
-0.704134
-0.443215
0.256919
0.194030
0.229865
-1.066643
0.897494
-1.127775
0.310936
1.215899
1.384273
-0.073498
-0.433070
0.760247
-1.481369
0.416521
-0.544249
0.559277
-0.780442
0.599091
-0.227914
-0.379794
-0.620755
-0.615401
0.294136
-0.683322
-1.649543
-2.214965
0.215333
0.794179
0.212465
-0.342205
-0.015216
-1.019291
-0.268921
0.585156
1.429772
0.439510
0.327367
0.931619
0.247732
-0.073141
-0.839377
-0.556305
-1.335858
1.613776
1.605117
-0.063365
-0.795024
0.527036
1.710768
-0.293532
0.105255
-0.032111
-0.685249
0.679842
1.367985
0.094845
-1.174088
-0.163199
-0.684949
-2.068538
-0.141913
-0.220512
-0.889381
0.085516
0.312692
-0.973367
-0.541925
-1.436383
-1.504098
-0.613805
-0.978098
-1.357197
0.323662
0.247775
-1.590756
0.311923
-2.108058
-0.212794
-0.301665
0.066967
-0.810025
-1.618301
-1.602342
-0.895323
-0.812199
-0.655944
-0.179067
0.666329
0.901486
1.381627
-0.558916
-0.672750
1.129558
-0.411185
-0.155778
1.225570
0.965169
-0.829749
-2.054140
-1.216927
1.070923
-0.212006
2.167255
0.666034
0.530987
-0.226753
-0.045666
-0.877323
0.635787
-0.909780
-1.011179
-0.024166
-1.463893
-2.477640
-1.092940
0.055619
0.959413
-0.658421
0.548075
-2.384840
-0.518185
-0.328866
0.379143
-0.515370
-0.221632
0.454905
1.208237
-0.954029
-0.281224
0.573593
-0.224379
1.416177
-0.727890
0.220655
-0.544792
-0.615463
-0.504353
0.304002
-0.510298
1.323948
1.150630
1.082184
-0.404907
-0.334503
0.934772
-0.829354
1.010703
2.263066
-1.160971
0.030684
0.911716
2.256840
0.504525
1.217076
1.424637
-0.077265
-0.378346
0.314557
0.437749
0.589896
-0.495139
1.096837
0.163987
1.051911
1.078259
-1.014207
-1.662010
-1.825261
0.720383
-0.917142
-0.101868
-0.119285
-0.265480
-0.375857
-0.441076
0.432796
0.868396
0.421897
0.942980
-1.685962
0.135904
-0.760728
0.232576
-0.005347
-1.048916
-0.334726
2.181112
2.031410
-0.503756
0.416152
-0.560892
-0.631901
0.081892
-0.715899
0.028594
-0.448031
0.076862
-0.056423
0.572900
1.788227
0.890668
-0.091022
-1.274887
0.090885
0.721781
0.259216
0.231818
0.395504
0.193770
0.283378
-0.224471
0.511301
0.566569
-0.684465
0.540482
0.293535
-0.613589
0.295146
-0.311930
-0.433617
-1.235982
0.656758
0.992639
0.888977
-1.160640
0.763034
-1.284394
-1.591093
0.526450
1.219522
-0.259490
0.848554
-0.554115
-0.096129
-0.508425
0.255593
0.010490
-0.760613
-0.368959
-0.000195
0.406943
-0.496127
-1.124900
-0.471102
1.351880
0.672176
1.113896
1.260208
1.436904
1.839247
1.086188
1.327062
0.523515
-0.477480
-0.602049
-1.795577
-1.328662
-0.650229
0.457724
0.906116
0.721111
1.372660
0.679629
-0.469048
-0.284140
1.733375
2.294955
-1.525951
-2.919042
-1.760983
0.340192
0.194003
0.427799
0.955829
1.158101
1.376803
0.745574
-1.097487
1.732140
-0.479393
0.085171
-1.848844
-1.418812
-1.422218
-0.154471
-0.308185
-1.534821
1.289830
0.938607
0.979833
0.287777
0.067745
-1.342138
-0.148560
-0.423380
-0.429299
-0.476432
-0.193498
-0.986559
0.513046
-1.046373
-0.538179
-0.138525
0.983397
-0.329811
0.460399
-0.511481
-1.192158
0.125055
-2.108599
-1.872828
-1.332399
0.351222
0.531707
0.188478
-1.066633
-0.688936
-0.586243
0.614342
-0.246098
-0.167484
-0.159586
-1.727589
-2.740758
-0.290506
-0.633086
1.426735
0.357310
-1.092198
-1.475349
-0.681328
-0.426268
-0.229477
-2.969086
0.066263
-0.518622
0.073330
0.343023
-0.126917
-0.301841
-0.793454
-1.092616
0.988893
-1.516470
0.566613
-0.447279
-1.183126
-0.802621
-0.757229
0.323102
0.190365
-2.123520
-2.379828
-1.393269
-1.279225
-1.447982
0.901619
0.881871
-0.599322
-1.474006
-1.841062
-1.957932
-0.058776
0.130397
2.524190
1.709825
0.695134
0.337900
-0.072683
0.705344
-0.495604
-0.992317
-1.167246
-1.136217
-0.128462
0.085196
-1.829983
0.413605
0.476481
0.560677
1.352382
0.495251
0.770700
1.659163
-0.865276
1.730455
-0.706318
-0.660133
-0.926174
0.445032
-0.647439
-0.109258
1.018008
1.230952
1.028833
0.474235
-0.632381
-0.302034
-0.603800
0.374768
0.255591
0.755933
0.517550
-0.757728
-0.290081
-1.140547
-0.367193
0.697551
0.012323
-0.243869
0.148091
-0.036626
0.999902
0.124203
-1.067462
0.322850
-1.382807
-1.565478
0.929589
-0.054289
-0.085579
0.192265
-0.226264
-1.002448
-0.013284
-0.726241
0.008389
-1.711628
-0.985029
-1.857841
0.860938
-1.798366
-0.449466
0.074951
-0.440277
-1.691362
2.159522
-0.345097
-0.345451
0.490865
0.213249
-0.815521
-0.559730
0.016519
-0.207757
-0.869820
-0.796721
-1.798187
-0.300673
0.054779
-0.877974
-2.104511
0.321092
-0.285646
-1.482663
-0.497727
0.077936
-0.313920
0.142679
0.720444
1.749365
1.548130
0.969050
0.869107
1.281644
-0.127718
0.990563
1.325594
-0.575332
-0.612800
-1.788311
-0.101421
-0.693128
-0.272580
-0.472601
-1.228365
0.117671
-0.476348
0.663455
-0.480450
-0.783826
-0.404513
0.427726
1.178466
0.601908
0.512213
0.946397
2.754745
-0.771946
-0.252937
1.576537
2.829368
0.085373
0.630126
0.048693
-0.177156
2.314784
0.443514
-0.109447
0.535212
-1.616190
0.535831
0.760635
-0.277700
1.036090
-0.041471
-0.044281
0.531485
0.671057
0.733968
-1.666274
0.777262
0.363203
-0.576382
0.518295
-0.879990
-0.340501
-0.596528
-0.361383
-0.571453
0.429871
-0.975890
0.651763
1.428850
0.523403
-1.345484
-0.104136
0.641618
-0.789086
-0.277646
-0.058296
0.554114
1.206922
-0.920788
-2.881676
1.096750
1.244486
-0.310872
0.731101
