0.000000
-0.572400
-0.816250
-1.246577
-0.149364
0.315847
0.604609
0.724924
2.088461
-0.261909
-0.073918
0.233513
0.308074
-0.436852
-0.627233
0.046343
1.170627
-1.680113
-1.390128
0.862664
0.504184
-1.191895
1.202098
-0.654998
0.218484
0.108970
0.367923
0.163837
-0.509012
-0.075055
-0.386581
-0.869138
0.135981
-1.543863
-1.507467
-0.741543
-0.522533
-0.127077
1.742971
-0.206269
-0.102044
1.300622
0.765053
1.481706
0.397178
0.210986
-0.540291
2.003329
0.690210
0.576017
-0.151771
-0.716959
-0.013606
-0.515653
-0.490284
-0.697535
-0.452713
-0.531767
-0.923761
-1.737228
-0.307064
-0.830704
0.045047
0.209902
0.633418
-1.388833
-1.728689
-0.996104
-0.751747
-1.406398
-0.568976
-0.102550
-0.027948
1.470192
-0.359772
0.609266
0.966323
-1.470827
1.086336
-0.168068
-0.426221
-1.055474
-1.618979
-0.658456
1.612176
0.086699
-0.721845
0.098481
0.452867
0.411906
-1.749076
-1.128247
-1.078428
-1.539376
-1.802028
0.675635
-0.013791
-0.028247
4.068916
2.405910
1.043527
1.419609
0.157907
-0.379854
-1.954400
-0.130446
1.245986
-1.439785
-0.972263
-1.114018
0.255361
-1.617413
0.810000
0.904206
0.381445
1.896366
2.121241
0.795314
0.513381
1.199392
0.251296
-0.422982
-0.609987
-1.047683
0.646025
1.238279
1.151432
1.080135
0.013212
0.776471
-0.281470
-0.205646
0.670523
-0.004382
0.223112
-0.964140
-0.202270
-0.390430
0.729194
0.136963
-0.020910
0.612840
0.816023
0.266304
0.301187
-0.474326
1.428514
-0.155580
0.075383
0.725443
-0.503967
-0.443381
-0.505860
0.025151
-1.919177
-1.696762
-1.663169
-0.720497
1.782199
-0.426527
-0.437250
-1.968498
1.865089
0.767360
0.606629
0.665486
1.255399
-0.277586
-1.141023
-0.038762
-0.522237
-0.885349
-1.639194
0.395196
0.634890
-0.447518
-0.898684
-0.211530
-0.760114
-1.723588
0.659337
0.471027
-0.316607
1.009788
-1.708232
-0.526533
-0.810188
-0.618046
0.708511
-0.068554
-0.705324
-1.942520
1.700279
0.894990
0.744651
1.596333
1.300583
1.318239
0.773149
-0.471131
0.517088
0.957634
0.845558
-0.231342
0.431575
1.036921
1.688511
0.363818
-0.422080
-0.879909
-0.356479
0.846366
-1.031477
0.603228
-1.349599
-0.239349
-1.220949
-1.748623
-0.931582
1.101267
0.497222
1.260440
-0.077355
-0.836754
-0.218142
1.416938
-0.304231
0.423431
-0.140397
-0.139426
0.076001
1.113272
-1.572272
-1.090847
0.541838
0.524085
1.174547
-0.210743
0.797471
-0.190164
0.854386
-1.288018
0.500626
0.069753
1.533464
-0.527017
-0.320147
-0.389531
-0.271098
-1.155477
-0.134435
-0.307598
0.672661
1.260444
0.660433
0.196866
1.463413
1.409619
0.054775
0.419470
-0.258902
-1.488512
-1.393910
-0.603081
0.891814
0.110089
-0.287692
-1.745751
-0.896565
-0.479178
-0.701977
-1.017899
0.478489
-0.188023
-0.919904
0.410884
1.728795
0.608071
2.430365
0.522987
-0.626205
1.492067
1.738962
1.046649
-0.350087
-0.969155
-1.289004
-1.400827
-2.076633
0.224421
-0.052835
0.347388
1.056065
0.209079
-0.012787
-1.992015
-0.625079
-0.632650
-0.841238
0.952617
1.399291
1.173413
0.551815
-0.227578
-0.820043
1.944108
0.363490
-0.885108
0.863347
-0.925520
0.505796
-0.316081
1.228665
-1.335719
0.017333
-1.063742
0.026122
0.911756
0.399992
1.027468
-1.525136
0.148554
-0.204373
0.511770
-1.007624
1.216687
-0.707272
-0.563203
0.372544
-1.536630
0.668450
-0.724105
-2.713975
-1.883678
-1.884182
0.804556
0.514601
1.213753
0.538587
-0.016941
-0.570506
0.971287
0.215287
-0.426445
-0.275010
-0.053998
0.343545
0.893005
-0.300355
1.024704
-0.762984
-0.094683
1.438794
0.858165
1.132464
0.774868
2.137912
1.334591
0.592020
0.089227
0.017828
-0.185244
0.154024
-0.662748
-0.796613
0.903729
0.419852
0.797016
2.104485
-0.831133
0.530535
1.601081
1.480946
1.780969
2.173370
2.209899
1.384438
0.821734
1.170057
0.255182
0.854316
0.348433
1.029066
1.447524
1.172367
0.021441
1.504441
0.401073
0.694082
-0.319737
1.035816
1.371954
-1.190100
0.040962
-2.512847
-0.350752
0.215594
-0.246147
0.965346
-0.582305
-0.971426
0.290534
-0.112329
-0.441458
-1.013681
-2.130719
-0.244906
-1.173451
-1.628114
-1.647691
0.851691
0.996005
-0.443548
-1.073161
1.730833
-0.636859
0.502121
1.550158
-0.420120
0.000290
0.898184
0.345839
0.265795
0.465430
0.052192
-2.494321
-1.470117
0.432540
0.596232
-0.348216
-2.460786
-1.128673
0.824630
1.237078
0.067417
-0.355094
-0.024559
-0.161864
-0.340457
-1.260924
-1.452845
-2.370690
-2.172446
-1.485736
0.882630
0.135559
0.152325
-0.662270
-0.151930
-1.004246
-0.806621
-0.379445
0.835683
-0.613525
-0.895453
0.684653
0.264247
1.229464
0.753414
2.074138
0.932816
1.710263
1.568272
0.919025
0.714458
1.002184
-1.285829
-0.101484
0.002297
-0.762460
0.588033
0.089133
0.752552
-0.092081
-0.750549
0.274663
1.226484
2.037243
0.042371
-0.042129
-0.178494
-0.886047
-0.820266
-1.116149
-2.043290
0.388405
0.036142
1.075618
1.290982
-0.167320
1.125717
0.449862
1.448539
-0.712307
-1.539878
-0.801985
1.181352
-0.120308
0.238757
0.292717
0.875738
1.154257
0.977700
0.649708
-1.625521
-0.973710
-0.423943
0.467968
-0.585188
1.089961
-0.313870
0.804191
-0.714085
-0.485828
-1.123430
-0.024374
-1.066257
-1.863486
-0.558623
-2.264095
-0.773864
-1.601232
-0.962262
-1.436118
-0.003827
0.189305
0.158861
1.383354
1.495332
0.465239
0.792989
-0.777130
-0.751538
0.255804
-0.959464
-1.042243
0.686544
-1.037744
0.521504
-0.745701
-0.070175
-2.167411
-1.137357
-0.609181
-1.315279
0.159746
-0.511999
-0.500636
0.192099
0.453129
-0.907152
-1.603219
0.049914
-0.994379
-1.344161
-0.957788
-2.791107
-0.921351
-0.571330
-1.686556
1.388716
0.523519
0.459861
-1.832343
-0.215833
-1.401641
1.127871
1.007950
-0.609271
-1.257770
1.206497
-0.024011
-1.069519
-1.202048
0.367413
-2.838418
-0.979365
-0.187400
-0.223072
0.178277
-1.649097
0.096102
-0.181234
0.826932
0.312551
-0.279893
-0.654036
-0.776802
1.446258
0.750501
0.238575
0.459061
-0.821210
0.088017
-0.009654
-0.881681
-0.565875
-1.726336
-0.022883
2.485475
0.580300
-0.064832
1.557545
-0.255233
0.045525
0.584383
-0.439649
-1.058582
-1.385056
-2.530168
-0.998058
-2.181608
-1.305582
-2.394854
0.112074
-0.576239
0.395713
0.320122
0.941476
1.728855
1.091523
-1.047231
-0.097066
-0.365330
-0.319003
0.213437
-0.463663
-0.345547
1.850672
-0.887364
-0.799694
0.039306
-0.643478
-1.078672
0.515391
0.964252
-1.286833
-2.218664
-0.982429
1.264476
0.012587
0.278087
-0.890226
0.171329
0.358218
-0.669401
0.272694
1.422682
-0.902955
-0.318866
-1.330274
-0.385735
-1.329289
-1.491694
0.069190
-0.640456
0.648114
1.636373
-0.147534
0.144683
2.554722
-0.229753
-0.220305
-1.072029
-1.981720
-1.054957
-0.504418
-0.281725
0.592153
-1.459122
-1.629606
-0.045094
-1.478203
-0.057862
0.865859
-0.708577
0.506944
1.849751
0.515764
0.923276
0.176968
0.785700
-1.203951
-0.592928
-0.727566
-0.202081
-0.812503
-0.558339
0.437774
0.037677
0.172574
0.575899
-0.299593
0.790271
0.840371
0.426838
0.796743
0.016849
-0.864430
-1.311209
0.231378
0.455066
0.435115
0.659291
0.608399
0.742829
1.631893
1.675268
1.913527
0.099313
0.862011
1.127753
1.411226
0.614511
-0.137099
-1.443590
0.269324
-0.238361
-0.261549
0.937690
0.033296
1.082997
0.671709
-0.103827
1.427536
2.102497
-0.927593
1.855544
2.355856
1.047476
-0.241234
0.240023
-0.593690
-2.109336
-0.671092
-0.513060
0.270247
1.088151
0.634780
-0.196902
-1.859506
-1.343685
-1.313524
-0.471794
0.376272
0.131200
1.510959
-0.563147
0.725321
0.964599
0.772434
0.695200
0.345705
-0.649096
-0.373480
0.731095
1.023931
1.513547
-0.021918
0.956820
0.397482
-1.491646
0.277489
0.589715
0.239629
0.541931
0.293771
0.786221
-0.699655
0.539325
-0.511861
0.578301
1.916508
1.278597
1.404949
1.882126
0.805716
2.535964
0.695859
0.848742
-0.176633
0.260163
-1.362746
-0.045397
0.677442
-0.525337
-0.462845
-0.149156
1.234475
2.251709
1.299317
-0.436305
-0.186850
0.592828
0.234803
-0.506546
-0.764566
0.774499
2.519893
0.225311
-0.363637
0.266763
1.084361
0.933491
-0.191063
-0.091564
0.019386
0.165320
0.074888
0.110268
-0.280924
-0.686955
-0.135237
0.501665
1.371492
-0.106756
-0.123134
-0.746099
1.724236
2.090420
-0.498124
-0.867459
-0.408075
-0.528866
-0.026073
1.073909
0.202704
-0.235482
-0.279232
-1.651312
-0.409735
-1.014921
-0.891043
-1.183394
-1.446209
-1.691205
0.294819
-1.760234
-0.739211
-1.588072
-0.137158
0.865536
0.116494
0.787191
-0.153627
0.775373
-0.263281
-0.687724
-0.098875
-0.881369
0.005823
0.864448
2.075025
0.343942
0.041263
-1.443010
-1.604425
-2.192271
-2.143301
-0.869222
0.385393
-1.020862
-0.590759
-0.392752
-0.440042
-1.074837
1.082033
0.250943
0.451085
0.604296
1.320032
0.449179
-1.340759
0.666466
0.619920
1.425574
0.461277
-1.019045
-1.543102
-0.601663
0.878112
-0.397452
-1.399175
-0.719948
0.088566
-1.292900
0.298896
1.104073
0.591921
0.503011
0.753653
-0.252606
-2.715375
-1.014922
0.431368
-0.655033
-1.018892
-1.905034
-0.154922
-0.779486
-0.146252
-1.615311
0.085814
-1.601021
-1.121281
-0.666093
-0.390025
-0.945243
-1.297589
-0.725228
-1.557141
-0.938908
0.072254
-1.531419
0.752285
-0.757431
0.033779
1.236264
-0.254289
0.246738
1.876508
-0.157190
0.645218
-0.209026
-0.245303
1.414666
-0.889190
-0.016587
1.081178
1.407345
0.610623
0.197057
0.692601
0.051661
0.261389
-0.773589
0.414047
1.267415
0.858301
-0.095644
0.322658
0.155373
0.311527
1.358754
0.584212
-0.121526
0.597224
0.894635
-0.975065
0.214087
-2.347810
-1.379600
-1.984881
-1.544896
-0.146754
1.205177
-0.714026
0.489665
0.171619
2.004663
-0.215988
0.475273
-0.148058
0.786068
0.168693
1.840947
0.143776
-0.682066
-1.308335
-0.016046
-0.960876
-0.156880
1.118788
1.433742
0.900995
-0.207533
-0.106109
0.891773
2.374515
0.254698
0.262763
0.434128
1.354924
0.984011
0.044133
-0.288593
-1.271484
-0.918514
-0.909579
-2.141553
-2.147764
-0.653173
-0.813776
1.561857
-1.228722
-1.495844
1.732655
-1.524771
0.598822
-0.531426
0.575075
-0.513240
-1.394909
-0.375938
0.900033
0.704143
-0.972240
-1.816073
-1.362184
-1.320065
-0.895171
1.433580
-0.849809
0.120700
-1.460697
-0.327655
0.047635
-2.217368
-1.633492
-0.555703
-0.768996
-2.020864
-0.399262
-1.507606
