0.000000
-1.211915
-0.799227
1.046771
1.235826
1.110007
0.475889
0.374259
-0.073687
0.743451
-0.321111
1.923374
0.379351
-0.458394
0.359173
0.797247
0.802135
2.005789
0.817666
0.604868
-0.422701
-0.056700
0.504792
0.353919
0.974343
0.203325
0.627242
-0.762279
0.499751
0.268455
0.489466
-0.132716
-0.738418
-1.071233
-0.823865
1.721876
-1.511146
-0.794613
-0.611765
-1.070556
-0.561793
-0.571206
-0.143018
-0.890791
-0.700723
-1.324449
-0.023991
-0.715309
-0.520527
-0.490396
1.951465
-0.774644
1.115009
-0.388094
0.862155
0.459069
0.516119
0.372112
-1.424360
-1.078229
-1.669848
-0.002226
-0.993990
0.059259
-0.136070
-0.319899
1.152200
0.056535
0.194337
-0.811606
-0.617912
-0.435375
0.981933
2.106443
0.605676
0.197925
0.252985
-0.801892
-1.795529
-1.851752
1.471687
1.446237
0.825893
-0.838589
-0.132071
-1.471440
0.274508
-0.440544
-0.538757
0.770138
0.176778
0.441162
0.121066
0.380013
0.887731
0.962028
-0.408287
-0.198115
-1.628031
-0.415817
0.403130
-1.510921
-2.452607
-2.093551
-1.563091
-1.341843
0.757946
-0.952234
-0.614427
-0.123168
0.694584
0.670739
0.381709
-0.022220
0.012752
1.213846
0.326922
-0.992654
-0.740084
-0.277676
0.534662
-0.738088
0.337269
-0.524521
-1.261173
-0.598047
1.089899
0.538044
0.379907
0.134841
-0.158628
-0.658543
0.133556
-0.582895
0.209832
-0.097086
0.478139
-0.294371
-0.308815
0.870992
-0.681939
1.437741
0.199563
1.934032
-0.147718
1.422413
0.523830
0.710054
-1.009091
-0.586201
0.996814
1.118437
0.246387
0.738364
0.889085
1.667385
0.569050
1.603612
0.038138
-0.202061
0.837320
1.042892
0.413897
0.433844
2.399717
-0.382927
-0.817786
-0.830092
-1.258450
-0.305594
-0.244682
0.768174
0.623378
0.276527
0.425578
-0.700930
-1.153416
-0.746877
-0.005234
0.825808
0.903162
0.970156
1.072324
-1.190640
0.331005
-0.723364
0.916325
-0.170513
-0.732339
0.009931
-0.929459
-0.477229
-0.460380
-0.152899
-1.202998
-1.176858
-0.232822
-0.322232
0.114979
0.687975
0.970839
0.411019
0.853858
0.082654
-1.299901
-0.526433
-0.620392
-1.766755
-1.813612
-1.286879
-2.000427
-1.235418
0.034652
-0.178195
0.185575
0.339573
0.041573
-0.304452
-0.768151
0.418555
0.275898
-0.024447
-0.616822
-0.142484
0.609928
0.236090
-0.250638
0.362820
-0.815242
-0.522808
0.238212
-2.883836
-0.321082
-0.125736
0.127379
0.173678
-0.595385
1.151433
0.313876
-0.383397
0.812332
1.448293
-0.067225
-2.211367
-0.712163
-0.181957
-1.136880
-0.505918
-0.384990
1.260377
0.046230
0.329319
-1.270739
0.968907
0.717878
0.519174
1.394947
-0.146182
-0.790888
-1.048735
-0.965928
-0.211239
-0.456475
-1.542282
-1.444307
-0.443036
-0.036690
0.139632
-0.888976
1.628380
0.247614
-0.654823
0.203880
-0.568940
-0.370656
-0.880677
-0.818278
-1.870409
-2.942614
-0.160044
-1.341868
-1.819635
-1.559062
-0.798518
-0.184337
-0.901107
0.057581
-0.828841
0.475130
-1.642025
-1.511203
0.503675
-0.174425
0.577845
-0.591087
-1.102299
-0.669428
-1.353239
-1.047230
-1.351279
-1.082098
-0.887573
0.645868
0.153956
-0.224697
-1.141807
-1.193776
-2.598638
0.307396
-1.480306
-0.145250
-0.224282
0.676802
-1.306233
-1.042347
-0.112162
1.325720
-0.057237
-0.053544
-0.097358
0.485525
1.828819
3.136307
-0.108787
-0.123511
-2.062993
0.208312
-0.027839
0.016668
-0.001032
0.210359
-2.117570
-1.662563
-1.208647
0.742443
-0.362509
-0.332937
-0.126708
0.352141
-0.835074
0.120879
0.260665
0.497522
-0.724531
-1.216973
-0.529723
-1.136970
-0.862522
0.228932
-0.219366
0.906918
1.992082
0.891720
-1.142150
-0.463389
0.023506
-0.603640
0.661989
0.696435
0.086883
-0.915360
0.076089
0.445381
0.588863
1.479451
-0.614783
-0.032515
-1.520468
-0.807701
0.492339
1.254723
1.786899
0.901672
0.707883
-0.419256
-0.332931
-0.142150
-1.349357
-1.256352
-0.436265
-0.830156
-0.759803
-0.712094
-0.942414
-1.247552
-0.300817
-1.348101
-1.159415
-0.423258
-1.003238
-0.699440
0.512377
0.013468
-1.623766
-0.062971
-0.019146
-1.082399
-1.262961
-1.202190
-0.625848
-1.975728
-1.121086
-1.148072
1.058583
0.474932
-0.998221
0.409260
-1.125888
1.035042
0.083021
0.909256
0.025629
-0.546797
0.262838
0.731556
0.409045
0.214705
0.936251
1.326307
0.077235
-0.830010
0.283553
0.170289
0.420525
-0.613140
0.513888
-0.160479
-0.000628
-0.503555
-1.055985
-0.889711
-0.443401
1.132889
-0.356719
-0.178794
-0.982462
-0.256218
-0.480883
0.679319
2.135214
1.611780
-0.297935
-0.627043
0.662739
0.252319
-0.626683
1.655396
0.132166
0.767435
0.500452
0.347189
-0.494226
-0.092567
0.387224
-0.984533
1.438920
0.156883
0.241122
1.143761
-0.043759
0.881933
0.227247
0.414566
-0.300183
-1.315022
-1.138561
-0.254161
1.052103
0.229990
-0.281842
0.170136
-0.261617
-0.240194
-0.783431
-1.652548
-1.413818
-0.933687
0.010093
-0.155616
0.457247
-0.435075
-0.038347
-1.037164
-0.330845
0.979645
0.767367
1.245417
1.882939
0.450273
0.355911
0.830502
1.369685
1.130339
0.712118
-0.556340
0.717390
0.745021
0.745785
0.094634
-0.745943
0.590064
0.547175
0.144900
0.145236
0.507429
-1.244572
-0.377376
-1.087838
-0.614897
2.094793
0.233054
0.852890
-0.629496
-0.811525
-1.542939
0.882901
0.554901
0.321246
-0.428116
-0.661086
0.267294
-0.324217
1.255737
1.068099
-0.361212
-0.578053
-0.855249
-0.282725
-0.862720
-0.480129
-1.281851
0.824520
-0.461806
-0.183583
-2.078887
-0.696873
0.142411
-3.561232
-2.888769
-0.771430
-0.245440
-1.479246
-1.047928
-0.373082
-0.918282
-0.078069
-0.050905
-0.629928
-1.190829
-2.543833
-0.130645
0.668686
-0.976890
-0.728502
-1.386535
-0.202483
0.079359
-0.859876
-0.881855
0.645575
0.855249
1.505677
1.614857
-0.432526
-0.504805
-1.205981
0.351330
-0.648852
-0.623608
-1.679838
-1.364077
-0.489672
-1.645202
-1.061342
1.193167
1.353425
0.327629
1.573532
0.940032
0.108862
1.019884
-0.359602
0.107265
-0.198507
-0.458633
-0.946286
-1.281032
0.028609
0.219298
-0.087084
0.154532
1.568647
0.651006
-1.633479
0.268754
0.748310
0.153857
-1.018951
-0.587296
-2.094641
-0.013316
-0.346919
-0.071804
-1.389964
-1.108042
-1.977038
-0.992547
0.451705
0.401399
-0.411295
-1.117687
-0.949554
-0.436287
-0.943517
-0.572864
-0.354896
1.315273
0.674589
0.828392
-0.471137
-1.360551
0.535493
0.634596
0.832131
-0.340780
1.296116
0.092574
0.351026
-0.475903
-1.257375
-0.675655
-0.099398
-1.012471
-0.398870
-0.445441
-1.938981
-1.759062
-0.951814
-0.203626
0.228172
0.716108
1.392249
0.544156
-2.270914
-1.720259
-1.080964
-1.243234
0.716295
-0.352071
0.138745
-0.767721
-1.379616
-1.653759
-1.718689
0.467051
0.076864
0.832333
1.032045
-0.807834
-0.889193
-2.017019
-1.516867
-0.472095
-1.759710
-1.802218
-2.565790
-3.596795
-2.611063
-1.790027
0.764971
2.036745
0.806093
-1.057553
-0.719646
-0.588017
-0.965389
0.092987
0.051936
0.213587
1.698833
1.312660
-0.051494
0.775530
-0.879632
1.310324
0.983165
0.479770
-0.775990
-1.704189
-1.492841
-1.418723
-0.775469
-0.453270
-1.310427
-1.047445
-1.898973
-0.349733
-0.116647
-0.903381
0.480910
-0.870594
0.695742
-1.705423
-1.055677
-0.698204
-0.496479
0.154121
0.485803
-0.556537
-0.427612
0.692316
0.201085
-2.086989
0.146151
-0.042069
-1.491193
0.725603
0.714544
0.155314
1.711211
0.691369
1.397055
0.417035
0.813300
0.578468
0.370386
1.480566
0.091962
0.028290
0.126446
-0.529705
-1.053824
-0.226755
0.262536
-0.979744
-0.989391
-1.402644
0.103257
0.289384
-0.708624
-0.079543
0.322992
-0.379289
0.002263
0.316383
-0.840259
0.685970
2.097069
-0.103493
0.210955
0.233158
0.048559
0.622382
-0.780320
0.261907
-0.059564
-0.834801
0.438274
1.391055
1.498173
0.209668
-1.624471
-1.216306
-0.924541
-0.728586
-0.794618
0.248575
-0.527625
-1.329342
1.407268
0.764232
0.806670
-0.643040
-1.421941
-0.835311
-1.209486
-0.655097
1.013503
0.354198
-1.280959
-0.595766
0.703281
-0.220807
-0.865570
-0.224674
-0.059499
-0.386349
0.666873
-2.566740
-0.274148
1.727928
0.748405
2.248118
0.471289
0.622441
-1.540420
0.460253
0.237607
-0.443602
1.001412
0.116179
-0.055238
-0.252189
-2.086721
-0.300583
0.301644
0.276076
0.972627
1.264167
0.873962
-0.372458
-0.684377
0.058711
-0.374860
0.414740
0.553436
0.036746
-0.233859
-0.288570
0.500027
0.852056
1.958172
1.107880
-1.114251
-0.283407
-0.903181
-0.464009
-1.048181
0.588816
0.884101
-0.215160
1.095682
-0.157479
0.062804
0.551032
1.849780
1.635453
1.010799
2.400873
0.772258
-0.197652
-0.135739
1.331010
0.767449
0.188135
0.957220
0.559471
-0.145884
-0.588100
-0.346618
-0.814795
-0.666307
-1.260104
0.844375
1.496445
1.527014
1.418686
1.390241
1.221337
1.241020
-0.405168
0.328910
0.311470
-1.173716
0.369058
-0.363804
-0.197578
-0.356902
0.749857
1.257993
1.698980
0.317982
-0.368577
1.713803
1.762234
0.023876
-1.051432
-1.897949
-0.569118
-1.662321
-1.508472
0.449329
-0.353674
0.246649
0.424604
-0.015780
-0.875809
-1.212362
-0.107370
-0.528968
2.202801
-1.277810
-0.967646
0.888313
0.223230
1.342862
0.048089
1.497454
-0.426544
-0.409798
1.872317
-0.088545
1.024273
1.718100
-0.879786
0.168361
0.668263
0.135903
-0.656698
0.258785
-0.415946
0.317060
-0.037619
-0.309617
-1.321936
-1.447703
-1.574294
-0.671735
-1.019742
0.934210
0.942882
0.510269
-0.926557
-0.294417
-0.398264
0.604835
0.270051
0.999144
1.147285
3.090724
0.994126
0.420934
-0.040772
0.570720
-1.218329
-1.435882
-1.938548
-0.931122
0.459340
0.040004
0.202353
0.116582
-0.933455
-1.276799
-1.442753
-1.416172
-0.157554
-1.259689
0.442992
-1.390123
0.968193
0.406943
0.223760
0.099659
0.492389
1.530218
0.042976
1.300357
-0.708520
-0.442821
1.197038
-0.633429
0.988283
0.992951
0.346719
0.055183
0.584850
0.561303
-0.170012
-1.380412
0.397437
-0.510398
-0.910815
0.002675
0.420206
0.186719
0.466172
-0.742053
1.162583
2.589962
0.463796
0.303360
1.557570
-0.590650
1.143775
-0.162342
0.290203
0.739042
0.886227
1.045723
-0.073382
2.639853
1.208946
0.428347
-0.144013
0.476877
-0.450957
0.243513
0.749830
0.622040
0.169483
-0.341843
-0.745433
-0.920240
-0.636422
0.451638
0.424655
-0.022932
1.187940
0.628840
-0.124842
-0.859142
-1.789928
0.484687
1.071951
-1.809091
1.478899
-0.191309
-0.478062
-0.053575
0.891358
-0.729054
-0.952437
-1.059149
