0.000000
-0.854413
-1.283691
-1.434773
-0.580662
-1.060834
-1.778263
-1.267710
0.017564
-1.585711
-0.184858
-0.027897
-0.274580
1.010952
0.905130
1.423844
-0.795588
0.588916
0.564042
1.205002
-0.688948
-0.984947
-2.035533
-1.755444
-1.198171
1.072061
1.056152
0.255293
-0.433330
-0.706883
0.143945
0.202965
-0.196017
0.807286
1.736056
-0.410551
-0.146413
0.263782
0.447756
-0.341964
-0.842886
-0.305034
-1.776757
-0.494848
-1.682219
-1.972860
-1.847201
-1.453682
-0.972921
0.017868
-0.110166
0.423244
0.750860
-0.269434
-0.037782
-1.052329
0.474186
1.851443
0.586203
-1.158943
-1.546573
-0.735065
-0.063233
-0.256546
-1.022717
0.510105
0.283226
0.081393
-0.865012
-0.967472
-2.057430
-1.138482
-0.223674
0.037255
-1.814357
-1.061589
-0.846046
-0.098776
-0.865134
-0.105162
-0.456127
0.182027
-0.293070
1.157860
-0.403445
-0.535114
0.788200
-0.036009
0.237003
-0.857879
-0.966477
0.703464
0.348117
0.433483
-0.439170
-0.541595
-0.204533
1.027817
0.924128
-0.082332
0.584407
1.776668
0.997182
0.365620
0.813889
0.275157
0.028624
0.961369
-0.409703
-1.319535
0.255746
-0.560274
-1.568695
-0.936310
-0.384630
1.009324
-1.015828
-0.577626
-0.636773
-1.421588
-1.493358
-0.491546
-1.812413
0.679921
-1.107032
-0.726697
-0.533032
-0.135064
-0.005067
-0.731548
0.780200
-0.400258
-2.390736
-1.170532
0.046371
2.324886
1.608046
-0.526527
-1.394345
-1.125522
0.236889
0.552795
0.106953
-1.192940
-0.734721
-1.349490
-0.343649
0.914191
0.653158
0.172064
-0.365990
1.273318
0.178305
-0.140919
-0.165221
-0.220853
-0.948142
1.215428
0.661851
0.108051
1.199179
1.986838
0.919467
0.120527
-0.508500
-1.163376
0.225239
-1.560554
-1.217868
-2.455355
-1.039871
-0.833645
-0.973935
-0.671396
-1.055660
0.171525
0.569319
0.065981
0.141072
-0.100803
1.071599
0.520861
-0.992792
-2.893143
-1.714583
-1.288347
0.405956
-1.970515
-1.180955
-1.605389
-0.552771
0.122974
-1.176552
-2.054984
-2.229397
-2.240782
-1.478825
-2.306519
-0.757631
-1.861036
-1.932289
-2.334623
-2.523485
-2.459686
-0.037059
-0.514121
-1.183970
-2.599591
-1.692080
-1.238214
-1.121056
-1.479253
-2.321218
-2.652139
-1.717428
-2.105980
-1.614860
-0.023263
-0.692134
-0.838278
-0.084356
-1.054782
-0.686193
-0.676354
-1.829754
-2.629655
-1.628838
-1.650154
-1.906490
-0.395692
-0.554867
-1.814161
-0.028950
-1.371596
-0.528708
0.243635
0.555050
1.197635
1.193450
0.424505
0.380295
0.736813
-0.485058
0.352449
0.397383
0.200568
-0.300712
-0.366444
-1.032191
-1.709782
-0.137992
-0.223517
-1.030280
-2.268367
-2.934204
-2.134501
0.045104
-1.868499
-1.396373
-1.640237
0.125128
-0.364333
-3.117038
-1.469438
-1.913642
-1.054715
-1.450115
0.790284
-0.830373
-1.414957
-1.687323
-0.833671
-0.745525
-0.892450
-0.226077
0.110217
-0.418367
0.249153
-0.013132
-0.961914
-1.906293
1.353046
-0.364717
-0.401247
-1.122873
0.335670
0.774776
0.809257
-0.721357
0.595406
-1.938806
-0.486799
-0.439060
0.189075
1.088763
0.288481
1.133908
-0.224513
2.146420
0.287572
0.849540
-0.307124
-0.529598
-0.501458
-1.016325
-0.144307
-2.369310
-0.557612
0.557868
-0.754844
-0.025963
-0.906538
-1.793821
-1.477561
1.961382
0.529862
-0.167638
1.441012
-0.027803
0.394203
1.197871
0.923685
-0.773538
0.950398
0.348738
0.931927
1.159191
0.188541
1.036716
-0.065097
-0.438196
0.169799
-2.375274
-2.269767
-3.194889
-0.874740
-1.491396
-1.246909
-1.224269
0.238790
-0.913484
-0.434119
-1.310028
0.556736
-0.526545
-0.373476
-1.428886
-0.526280
0.109745
-0.732636
-0.126360
0.527287
0.111448
0.523669
-0.164248
0.887979
0.361491
0.541341
0.734926
-0.769767
-0.267322
-0.159882
-0.422596
-0.113224
-0.264113
1.922958
0.812379
0.635081
-0.316677
0.166910
-0.112174
0.250791
-0.195649
-0.719246
-0.177688
-0.046652
-1.339177
-0.426900
0.009656
-1.340038
-1.120914
0.990914
0.045348
-0.313084
-1.241318
-2.407904
0.112275
0.790400
0.223625
-0.859213
0.100231
-0.573565
-0.880627
-1.684584
-1.293593
-1.539246
-2.507420
-1.206506
-0.298351
-0.740748
-0.676589
-1.755207
-0.777972
-0.452033
0.301164
-1.331992
-0.448091
-0.613484
-0.199720
0.068737
-0.390213
-0.481926
-1.677342
0.626570
-0.588664
0.856643
-0.960563
0.621831
0.573111
-0.351330
-0.960858
-1.534322
-0.469951
-0.753149
0.688923
0.322441
-1.256531
-1.461398
-1.122204
-0.147249
0.353520
-1.685043
-1.137933
-1.376865
-0.546440
0.186918
-1.553661
-0.727971
-1.706607
-0.231772
-2.006124
-0.402087
0.054347
0.798760
-0.284346
-0.766686
-1.470838
-1.060587
-0.411113
-1.016056
-0.243040
-1.551624
0.144239
-0.349175
-1.171215
-0.764598
-0.841443
-0.682189
-0.312428
0.189779
-1.820358
-0.481635
-1.382005
-1.393526
-0.777031
-0.651948
0.130808
-0.525525
-1.054380
0.442468
0.254140
-1.346246
-0.727605
0.332516
0.576331
1.447361
-1.306232
-2.412852
-0.956873
-0.085243
-1.752255
-0.322857
-1.409144
-1.549027
-1.176783
-0.299491
-0.729898
0.453456
-0.256690
0.475602
-0.131432
-0.653490
-0.551373
0.626558
0.643494
0.611256
0.538873
-0.124492
0.235867
0.243513
1.065581
0.474854
1.886417
1.697953
1.007403
0.336742
-0.460069
-0.397074
-0.447433
0.341895
-0.828491
0.183684
1.084709
0.930149
-0.371911
0.993994
-0.228965
0.792597
1.685875
0.703064
-1.150581
0.561403
0.060032
-0.617627
0.323522
-0.660958
0.233079
-0.345416
0.227820
-1.109758
-2.421193
-0.744022
-0.593227
0.238746
0.338164
0.265377
0.631620
0.965406
1.764256
0.281278
1.680676
0.685619
-0.582514
-0.047286
0.454686
-0.342999
0.379709
0.477994
1.409475
0.962791
1.175131
1.840932
0.700331
-1.031402
-1.323707
0.335747
-0.183129
0.477729
0.007132
0.258463
1.873745
-0.939754
-0.123890
-0.041292
0.458606
0.284961
1.134350
0.579522
0.377590
0.127760
0.508443
0.661157
0.306061
0.127185
1.774091
1.021086
1.123475
-0.333127
-0.146009
0.278542
-0.362581
-0.052024
-1.010701
-0.731133
-0.716618
-0.120760
0.636280
0.808954
0.522867
0.414062
-1.250521
-0.259597
1.372950
0.590968
0.019411
0.572719
-0.723038
-0.953097
0.352858
-0.633046
-0.067615
0.964488
-0.839658
0.036559
-1.426107
-0.890559
-0.652051
-0.402532
0.325057
-0.307806
0.158982
-0.691358
-1.301158
-0.486212
1.757583
0.107312
-1.152193
-1.258481
-0.321843
-0.495439
1.113181
-0.131001
0.507539
0.257069
-0.667577
-0.221797
0.281319
0.812254
0.109273
0.208523
-0.783999
-2.083548
-0.662444
-0.407893
-0.272925
0.937012
-1.408525
-0.833332
0.725261
1.125202
0.118300
-0.376890
-0.898554
-1.027610
0.603365
-0.011625
-0.366894
0.868268
0.245772
-0.987469
-0.220936
-0.064772
-0.525793
-0.874891
0.256899
0.776362
0.153246
-0.927623
-0.764477
-0.663841
-2.312735
-0.782592
-1.223682
0.495272
0.205797
0.149322
0.010649
1.305641
0.433516
0.670994
0.094974
1.369772
0.664828
0.488654
-0.480746
-0.163242
0.813143
0.405806
-0.700552
-1.377274
0.121796
-1.399000
-0.381999
-1.372265
-0.587503
-0.699797
0.698064
0.429325
0.409456
0.861233
0.794947
-0.258890
-0.201879
0.522013
-0.422926
0.213231
-1.316830
-0.524327
-1.779730
-0.551016
-0.743219
-2.314124
-1.195022
-0.302528
-0.819539
0.169884
-0.907970
-0.359055
0.164053
-0.288700
-0.618558
-2.626632
-2.357270
-0.467295
-0.098933
0.149622
0.728936
-0.031792
-1.263886
-0.205959
-0.360415
-0.417930
0.439142
-0.804641
0.079379
-1.974759
-0.252039
-2.324703
-1.285594
-0.744919
-0.495315
-0.277096
-0.198535
-0.196154
-1.634169
-0.343542
-1.445349
-1.569520
-1.383253
-1.177201
-0.487537
-1.192404
-1.282454
-1.359067
-1.770335
-2.054839
-1.869018
-1.124993
-1.014650
-0.717748
-1.399049
-0.081282
0.585354
-0.701780
-0.845566
-2.154612
-0.619341
-1.065969
-1.493572
-0.954572
-1.230568
-1.106209
-0.567065
0.143935
0.198999
0.169771
1.446747
-0.631035
-0.302767
-0.224372
-0.545625
1.390463
1.404327
-0.196029
0.053865
0.467341
-0.214645
0.145196
1.670757
0.658365
0.540209
0.539531
-0.694039
-2.083096
1.036893
-0.908980
0.037070
-0.123872
0.206947
-0.185537
0.742275
-0.624037
-0.378650
-0.137176
-0.063857
-0.766674
-0.777376
0.208836
0.269385
-1.268714
-0.670249
-0.900772
-0.026184
-1.725552
-0.761015
0.673172
0.792951
1.153662
0.444640
0.860032
2.117644
-0.001202
-0.106449
0.353957
0.160464
0.108840
0.710724
-1.735301
-1.020119
-0.563568
-0.453117
-0.178190
0.479944
1.024115
0.102704
1.985785
0.909600
-0.406645
0.762527
1.788686
1.509202
0.416813
0.089759
0.649880
1.537845
1.055628
2.260121
1.973506
0.447639
1.933338
2.981926
1.684766
2.497718
0.603553
0.790203
0.116806
0.188868
-0.619144
1.243293
0.963657
1.218597
1.550351
0.130507
1.052501
-0.623285
0.303235
-0.404284
-1.529132
0.262666
-0.462988
-0.012977
-0.733847
-0.925973
-0.466727
-0.285166
-0.542831
0.489414
0.196129
0.511980
-0.373938
-0.737654
0.137389
-1.881092
-0.061567
-0.386141
-0.744102
0.141203
-0.963456
-0.158636
-0.656570
-0.132032
-0.851873
-0.414930
-0.446942
-1.121438
-2.229778
-2.005754
-0.999445
-1.385249
-0.516212
-0.671507
0.053075
0.415580
0.777589
-0.462885
-0.297962
-1.509032
-1.816878
0.148604
-0.353462
0.246961
-0.730733
0.453611
0.276830
0.415502
0.891789
0.175634
-1.178001
-0.271431
-1.022345
0.411580
-0.925722
-2.944190
0.288293
0.409739
-0.568625
-0.903769
0.141440
-0.405890
0.504684
1.454845
0.958043
0.018329
-0.316444
-0.508752
0.139245
0.695763
1.615917
-0.305217
0.637700
0.823652
1.712257
1.246758
-0.146628
-0.344019
-0.029356
0.812890
0.867052
0.087017
-0.706958
-0.370091
-0.239271
-1.141111
-1.591853
-2.283818
-2.005400
-1.326747
-1.929424
-0.342741
0.254319
-0.008528
-0.030780
-1.761032
-1.152816
0.114046
-0.586957
0.351286
-0.479063
-1.486599
0.513678
0.659240
-0.845433
-0.561673
-0.613238
-1.502091
-1.009386
-1.390980
-1.419016
-2.134995
0.260216
0.135266
0.043471
-0.133406
-0.859356
-0.691745
0.569891
0.438490
0.552381
0.403560
0.401196
-0.237611
-1.215166
-0.202731
0.450617
-0.606442
-0.007049
-0.370717
-1.503836
-0.026229
3.195711
0.654640
-0.053917
0.461038
0.164330
0.632087
-0.399986
-1.286448
1.128718
0.524740
1.125452
0.980160
-1.201814
-0.423550
-0.067858
-0.348322
-0.516416
1.743710
0.771943
0.103521
1.991458
1.674769
1.404670
1.343203
1.165795
0.744986
1.125144
2.126730
1.053924
1.883520
0.474617
2.923216
2.127512
0.318080
0.288650
