0.000000
0.787128
0.668006
0.835774
0.869051
0.662873
0.753906
1.933602
0.416576
-0.298918
1.733083
1.245604
1.677776
1.849186
0.901139
1.762123
2.008809
0.936248
1.210887
0.741635
0.413473
0.756552
0.406413
1.127370
1.535046
1.928078
1.546617
1.410970
2.038601
1.013317
0.136289
0.692437
0.693750
0.044456
1.200502
1.427288
1.528575
-0.414713
-1.352198
-0.657969
0.027508
-0.019366
-0.338179
-0.209508
0.586597
-0.319281
0.757188
0.550634
-0.305909
0.865675
-0.128453
0.023374
-0.322712
0.180960
0.566682
-0.626110
1.156960
2.376247
2.167974
2.011894
2.910297
3.150345
2.315853
2.389121
2.104225
1.606037
1.095619
2.212217
1.082755
0.940845
1.453221
-1.338310
-0.135731
-0.687305
0.710728
0.987853
0.131651
1.293546
0.135056
0.247109
1.319171
2.850752
2.684637
2.572733
1.142946
1.321671
0.149308
1.402366
1.815516
1.732344
1.239218
2.697639
1.851614
0.406736
0.407824
0.352806
0.833859
1.448204
0.591660
1.538186
1.170336
-0.244453
1.192106
1.101862
1.288215
1.203316
1.608709
1.212861
1.629582
0.903306
1.026880
0.257899
0.183878
0.269260
1.822264
1.344453
1.004042
0.024503
1.057724
0.633451
1.540645
1.246681
1.747351
2.068839
1.191136
1.903497
2.050528
0.645969
0.860371
1.351811
1.990242
0.903864
0.999621
1.840882
3.124034
2.109100
0.800340
0.781117
1.091277
1.529468
0.140398
0.135772
0.128138
0.539864
0.475256
0.925447
1.050768
2.243477
1.112482
1.350686
1.026959
0.566481
2.530841
2.721494
1.694355
1.741595
0.733128
2.908923
1.783539
-0.240514
-0.048872
0.393031
0.862873
1.271596
0.504557
0.102557
1.388740
-0.578551
-1.354072
0.801792
0.220735
1.074184
0.033398
0.559319
1.448400
0.660048
1.153070
0.253645
0.337679
0.154346
-0.689554
-0.574018
-0.753411
1.400245
0.713110
1.309843
0.044350
1.052061
0.738229
-0.192626
2.508736
1.093389
0.937439
1.148441
0.280144
0.495355
0.073590
0.398099
0.512019
0.691246
0.879735
0.702162
0.822415
0.346715
1.138711
-0.448615
0.325564
0.664031
1.231145
-0.693225
1.014873
0.609010
0.754564
1.033931
0.621781
1.350290
0.058354
-0.542082
-0.746301
-0.038147
0.958920
1.541705
0.598793
0.216049
-1.178326
-0.225322
-0.824544
0.698193
2.256478
1.935867
2.487578
2.299186
1.062387
0.932578
2.390930
1.950987
0.757890
1.608184
0.546626
0.159275
0.307147
0.858109
-0.464797
0.019219
0.473173
-0.401454
-0.231578
-0.153183
1.084123
0.260711
0.419225
0.107021
-0.689757
0.919269
0.009800
0.385231
0.090071
-0.845454
1.025060
0.127412
1.005469
1.783153
0.576170
0.875135
0.746326
0.519870
2.379197
1.190790
1.193675
2.132031
1.402477
1.426813
1.382648
1.111608
1.148916
0.887798
0.266068
1.372330
1.129790
1.389684
0.339940
0.473685
0.050724
0.621158
1.252049
1.034181
1.303617
2.062172
0.643830
0.729162
0.160026
1.589371
0.180288
1.161232
1.174340
1.780809
1.872621
1.612502
0.708576
0.542438
-0.104556
0.003350
-0.086414
0.299384
1.334866
1.330178
0.944113
1.207769
-0.300592
0.700262
1.105927
-0.380290
0.567019
-0.256510
-0.128837
0.566855
0.815611
0.983873
0.369853
1.282382
-0.336280
-0.596061
0.785392
0.102460
0.878611
0.670012
-0.321061
-0.991483
-0.363771
0.089016
0.062117
0.194227
0.073576
-0.529836
0.019843
-0.433277
-0.290263
0.484488
-1.125503
0.580929
-0.505411
0.584705
1.011209
0.754982
0.507322
0.638944
0.481677
-0.628561
-0.569970
-0.509935
0.405651
0.466323
0.335089
-0.024394
-0.202933
-0.815954
0.236750
-0.702519
-0.185524
0.304233
0.255564
-1.403019
0.594822
0.338618
0.294736
0.256821
-0.631235
-0.040809
-0.112882
-0.249728
0.957559
-0.673005
1.045111
0.638793
0.456251
2.095869
0.354164
-0.109266
1.584637
1.368235
1.418392
1.285024
1.699806
1.274094
1.495126
1.074611
-0.022310
-0.599940
0.241556
0.054061
-0.472520
0.570180
0.151204
1.717086
0.729174
0.105219
1.605747
1.718974
0.970558
-0.314114
-0.176059
0.207260
1.509441
0.989304
0.558278
0.598881
0.803923
-0.259834
0.777083
-0.189082
0.871962
0.389477
-0.243894
-0.095964
0.678819
0.221739
0.987724
0.105662
-0.187476
0.899990
-0.130289
0.024377
-0.121553
1.012627
0.801955
-0.012540
1.079952
-0.317924
0.793332
0.554877
0.510163
0.135242
-0.907253
-0.091974
-0.824183
-0.249779
-0.291724
-0.566546
-0.618986
-0.471487
-0.646995
-0.777701
0.248351
-0.745624
1.078890
-0.268649
-0.643509
0.307176
0.296272
0.821579
0.588533
0.659872
0.460637
1.331315
0.836430
1.277278
1.303978
1.251853
0.102899
0.440980
0.166674
0.005689
1.069211
0.073671
0.864890
0.125663
0.788761
0.495777
0.765555
0.337445
-0.883518
0.007251
0.078667
0.636731
1.177957
-0.596611
0.369846
0.565929
0.352863
1.411355
1.650873
1.001084
0.774873
1.768961
-0.046377
1.359559
1.643307
1.040266
2.377406
1.089218
2.324261
2.189624
1.291758
2.193528
0.784439
-0.593966
-0.244524
1.347150
0.701399
0.540351
0.316862
0.391087
0.860118
1.502380
0.545892
0.961181
1.433312
-0.005566
1.080203
-0.188972
1.021764
1.465957
0.049460
-0.220652
-0.255111
0.667609
0.679924
-0.674975
-0.111842
-0.439990
1.153682
2.314395
2.742102
2.940163
1.400136
2.056394
0.852763
0.211552
-0.365302
0.062312
0.917226
0.766214
-0.126917
-0.138861
0.013294
-0.006092
0.874568
1.235400
-0.568754
0.933542
0.419333
-0.176830
0.052418
1.169541
0.610854
0.157057
0.701815
0.969297
1.107241
1.107586
1.095376
1.411980
0.391726
1.032113
0.466869
-0.023351
0.336622
-0.337307
0.502928
0.296609
-0.258282
0.942796
0.946642
0.174559
0.638344
0.309133
1.427686
1.251352
0.437497
-0.082268
2.004317
1.670125
1.303741
-0.649763
0.537214
1.372774
1.646751
-0.016518
0.089640
0.843931
-0.325348
0.378213
0.789500
0.990997
0.280322
0.103590
0.018299
0.300751
-0.070223
1.013739
0.553380
-0.276578
1.244270
0.568317
1.088666
0.363700
0.423792
0.199272
2.612711
0.817532
0.586280
0.536604
1.113945
1.181507
0.270818
-0.427466
1.982696
0.780814
-0.478759
-0.252332
0.777421
0.260412
-0.227064
1.072644
-1.064184
-0.559598
-1.602737
0.279015
-0.089612
1.423233
-0.084814
-1.471624
-0.593095
-1.283358
-0.478230
-0.397842
0.165748
0.487706
-0.924279
-1.276769
0.208615
0.045020
0.792138
0.808760
-0.691946
0.061286
-0.395641
0.751347
0.711126
-0.115051
0.424247
0.272472
1.065855
-0.060293
0.730713
1.217887
-0.655081
1.026474
0.624299
0.739800
0.300319
-0.589797
1.626013
1.055728
0.276499
0.409878
0.097574
0.950251
-0.627014
-0.387546
0.406601
0.798834
1.455435
0.547323
1.007330
1.635671
1.753210
0.896582
1.613004
1.414874
-0.170089
0.429167
1.004210
0.753408
-0.529248
0.256132
0.039484
0.405199
-0.815886
0.057882
0.418724
1.331461
1.470913
1.607550
1.413594
0.837466
0.078144
0.403351
0.992320
0.375128
1.149552
1.891684
0.912635
-0.449909
0.562852
1.603015
2.422924
0.880176
0.876777
0.956622
0.418817
1.983174
1.033278
1.624906
0.296568
1.130859
-0.646130
-0.029016
0.573409
0.550434
1.180395
0.081713
0.650644
-0.020088
-0.157852
0.474704
0.748248
1.182459
2.140802
0.732176
0.704172
1.599836
1.808862
-0.101262
0.515614
0.251809
0.507309
1.807216
1.183267
0.525222
1.156399
0.402660
1.265775
0.847616
1.384237
0.867779
1.221536
2.072881
-0.143981
-0.055755
0.397281
0.226564
0.947007
1.134711
0.594475
1.695013
1.485928
1.150123
0.887928
1.772025
1.377596
0.398177
0.652040
2.042406
0.889604
1.377796
1.744166
0.759382
1.682068
-0.835169
-0.159104
0.308773
-1.006527
-0.461687
-0.374811
-0.367313
0.408786
0.045168
0.715170
1.409571
2.414570
0.360181
0.186667
1.913304
1.349039
0.862419
1.142770
2.206964
2.335093
1.907473
1.735600
1.668470
1.293054
0.464827
0.579165
0.433000
1.187971
-0.022852
0.815609
-0.190965
-0.081956
-0.181989
0.270712
0.875493
0.547045
0.419304
1.628812
1.277139
1.246868
0.389397
-0.093497
0.300142
1.236384
0.432722
0.290891
-0.358447
1.215936
1.634169
0.749990
1.529294
-0.283242
-0.695215
-0.062641
-1.015851
-0.492436
0.529658
1.433585
0.854558
2.205797
2.034137
1.599064
1.524481
1.663195
0.902039
1.527923
-0.218877
-0.106627
0.248852
2.575997
0.976939
-0.006549
-0.262806
0.746459
-0.760285
-0.592130
-0.485137
0.158113
0.916662
-0.155190
1.307539
0.965569
0.537760
-0.055417
-0.268061
-0.151240
1.323929
2.058694
1.532434
0.989925
0.477614
1.423914
1.553940
1.302614
2.003162
0.504982
-0.299023
0.823282
1.590036
0.154818
-0.129831
-0.164338
0.158808
0.140373
-0.583139
1.384273
0.771408
0.751971
1.557540
2.270286
1.284237
1.166020
1.682207
-0.026624
0.915520
2.185232
1.099432
0.785804
1.126618
1.229648
1.131239
1.398834
0.888090
0.333683
1.995895
1.097859
0.778869
1.707850
0.344741
0.318076
0.221358
-1.952490
0.078304
0.371862
-0.275731
-0.038215
1.284013
0.755146
0.962914
0.255086
-0.473067
-1.075390
0.525595
1.135177
0.481966
0.298223
1.311402
0.357757
-0.405194
-0.057837
-1.749848
0.342366
0.148373
-0.306854
1.051612
0.615470
1.057256
-0.873576
-1.200794
-0.026732
-0.330203
-1.198085
-0.277923
0.551110
1.131299
0.003624
0.096242
0.270339
0.554634
-1.243448
0.501518
-0.025250
-2.133195
-0.436711
-0.105728
0.508740
-0.132178
0.008487
1.250468
0.482558
0.372597
-0.497948
-0.313815
1.288563
1.272531
1.872845
0.980968
-1.092984
-0.003357
0.335806
0.466849
0.097987
0.045762
0.783886
-0.425328
-0.634795
0.066246
-0.282222
-0.717574
0.389260
-0.526568
0.313304
0.808376
0.665958
-0.032441
-0.217289
0.086015
0.176538
0.298077
0.919315
1.447297
1.117397
0.539516
0.928443
0.198693
0.407817
0.429427
0.852627
0.175063
1.526698
1.465857
1.706941
1.722042
3.076496
2.435659
2.152352
1.652130
0.973993
0.333821
0.009360
0.590903
-0.317209
-0.496281
1.110796
0.699058
-0.832991
0.351974
0.600154
0.198100
0.437814
0.328302
1.107106
-0.302189
0.210011
-0.139706
-0.015646
0.642198
0.744606
-0.016551
0.847564
0.554546
0.665414
-0.877170
-0.791690
0.531544
0.343847
0.828046
1.412626
1.024246
0.295155
0.776456
0.579347
0.540592
0.660501
0.668922
