0.000000
-1.769542
-1.949614
-0.732327
-1.428907
-1.494610
-0.974035
-1.150486
-1.360692
-0.522630
-0.659438
-0.523693
-1.169758
-0.782881
-0.155801
-1.027244
-0.774662
-0.632091
-0.915530
-2.030616
-0.662345
-1.283196
-0.752423
-0.784318
-0.782054
-0.671971
-2.175507
-0.831299
0.670223
0.968204
0.710746
1.059170
1.343110
1.013098
0.402927
0.449739
0.917416
1.022511
1.097150
-0.146634
-0.550127
-0.758582
-0.360400
0.073112
0.052582
0.152306
2.099359
1.987638
0.434156
0.496616
-0.147555
1.037607
1.125877
-0.796858
-0.038883
-0.502005
-0.245540
-0.417927
-0.107739
-0.383830
-0.033936
0.390601
-0.129917
-0.111944
0.015727
-0.289248
1.094410
0.463850
1.074432
-0.387792
-0.372688
-0.066527
-0.718219
-0.380660
-0.792415
-1.029837
-0.598658
-0.399191
0.038753
-0.427506
-0.208890
-1.721189
-1.375073
-0.661180
-0.599626
0.957023
-0.222693
-0.152791
-0.820639
0.281194
-1.033932
-1.066668
-0.745347
-0.436948
-0.658890
-0.568836
-1.196575
-0.564795
-0.997442
-0.434220
0.248863
-0.930860
-0.185587
-0.545532
0.008651
-0.727244
-1.065435
-0.786595
-1.528857
-1.963380
-0.593477
-0.104487
-0.614544
-1.218280
-1.231331
-0.797729
-0.927478
-1.124060
-1.405361
-1.054232
-1.341773
-2.559228
-1.751303
-1.565796
-2.531308
-2.939185
-2.592878
-2.290975
-2.990161
-2.115798
-2.445774
-1.908535
-1.177331
-2.401698
-2.615250
-1.047514
-0.667078
-0.673190
-0.768774
-1.238281
-1.476261
-1.871074
-0.682189
-1.426171
-1.274965
-0.301449
-0.286126
-1.355736
-1.227145
-0.573628
0.369443
-0.402585
-1.168003
0.218733
-0.495703
-1.300592
-1.573723
-1.232610
-1.286313
-0.347685
-0.976101
-2.028629
-1.081067
-2.254639
-0.830246
-0.582024
-1.272611
-0.546647
-0.718023
-0.248748
-1.611464
-1.493914
-0.764659
0.218943
0.923797
0.443728
-0.456227
-0.379091
-0.636714
-0.712433
-0.174631
-1.028098
0.027373
-0.044422
-0.305942
-0.105358
0.436409
0.066520
-0.413012
-1.229928
-1.007062
0.035200
-0.226365
0.899526
0.936325
0.702010
0.094548
0.429935
0.411629
-0.377565
-0.346354
-0.062641
0.027333
-0.336827
-1.003531
-1.523073
-1.626537
-2.131734
-1.226195
-1.530531
-3.107766
-2.801281
-1.627297
-0.997914
-2.001067
-2.215159
-1.809320
-2.312973
-2.677224
-1.937435
-2.111144
-2.279485
-2.789804
-2.614121
-0.972776
-0.640012
-1.746455
-0.788296
-0.136576
-0.551181
-1.001955
-0.347760
-0.385751
-0.921796
-1.327018
-1.144755
-1.172761
-1.463955
-1.281100
-0.354612
-1.300743
-2.040018
-1.266074
-2.426391
-2.184018
-3.443176
-2.678021
-1.224142
-1.696732
-1.080900
-1.340244
-0.976428
-0.377171
-0.463064
-0.551713
-0.472690
-0.078508
-0.026040
-0.754752
-1.302534
-1.577248
-1.265855
-1.842210
-0.815890
-0.771783
-0.774015
-0.671902
0.121995
-0.592429
-0.283887
0.039715
0.298034
0.142403
0.293854
0.216782
-0.463138
-0.561310
0.085973
-0.038808
-0.007307
-0.069613
-0.313667
-0.346662
-0.610617
-0.863901
-0.065852
1.344806
0.673287
-0.254823
0.099715
0.176855
0.958247
0.380480
1.339852
0.439395
1.563537
0.876199
0.987945
0.322782
0.585478
-0.769188
-1.721521
-0.623074
0.083659
0.287794
0.428844
0.158387
-0.383813
-0.044054
0.470798
-1.026693
0.113626
-0.507731
-0.905266
-0.347238
0.110067
-1.455902
-0.942710
0.503889
0.271962
0.104656
0.509062
1.036232
0.264181
0.317056
-0.069629
-0.380671
-0.334238
-0.167975
0.272099
0.753985
1.217677
0.552874
1.164325
1.409981
1.355793
0.393761
-0.130915
-1.638577
-1.710425
-0.972127
-1.883690
-0.711790
-0.496002
-1.308022
-0.911591
-1.161574
-1.174174
-1.574166
-1.940849
-0.459473
0.009591
-1.664748
-1.798742
-0.689188
-0.919581
-0.426729
-1.250403
-0.647193
0.017228
-1.014215
-0.135341
-0.414637
-0.604031
-0.101922
-0.425702
-0.213060
0.489940
-1.284338
-0.021592
-1.052712
-0.003969
-0.536671
-0.247522
-0.754826
-0.617646
-0.368378
-1.176224
-0.244122
0.169565
0.334329
0.024647
-0.545238
-0.476703
-0.678733
-0.471883
-1.325528
-1.373140
-0.709426
-0.390985
-1.679721
-1.455425
-0.768844
-1.862364
-1.694684
-1.011410
-1.480286
-1.948082
-1.965486
-2.256037
-1.383845
-2.150925
-1.572747
-0.986664
-1.099150
-1.175656
-0.739530
-1.204400
-0.562910
-0.753202
-1.523098
-1.734407
-1.790872
-1.672731
-1.493218
-1.720809
-0.983361
-2.287311
-2.696595
-2.205656
-1.201910
-0.921320
-0.400408
-0.130796
0.343981
-0.716321
0.546649
-0.309806
-0.782976
-0.459177
-0.255755
0.692776
-0.802792
0.349493
0.888349
0.809971
0.910710
0.409221
-0.058366
-0.582850
-0.038800
-1.216078
-0.101104
-0.760282
-0.486896
-0.804776
-0.861598
-0.187358
0.210338
1.835588
0.042296
0.511448
-0.850512
0.470039
-0.542786
-0.596744
0.241447
0.853904
0.175677
0.238558
0.148242
0.007006
0.677351
-1.167968
-1.166810
0.157599
0.537647
0.640688
0.035783
-0.237011
-0.401641
-0.768144
-1.109760
-0.728977
0.902556
0.107756
-0.046973
-0.523786
0.270730
0.066788
-0.052233
-0.831951
-0.505468
-1.513992
-2.079734
-0.330478
0.157509
-1.755152
-0.931838
-0.447913
0.295586
-0.744340
-1.361561
-1.675161
-1.211732
-1.359815
-1.089324
-3.038330
-2.508279
-2.321657
-1.510889
-1.965799
-2.012404
-2.189090
-1.573667
-1.510865
-0.385395
-1.180216
-0.471575
-1.524190
-3.163688
-1.372246
-1.027317
-1.647543
-1.616830
-1.785478
-0.972094
-2.119428
-0.333809
-0.816891
-1.380497
-0.887697
-0.713709
-2.221281
-1.607075
-1.770499
-1.157703
-0.245554
-1.440297
-0.621155
-1.228716
-1.629271
-0.740669
-1.400248
-1.629309
-0.990522
-1.158400
-0.526825
-1.336316
-1.654008
-1.631199
-1.206193
-1.322757
-2.125266
-3.056124
-2.009393
-0.362888
-2.122907
-1.601445
-1.332301
-2.033758
-1.256929
-0.683830
-0.899963
-1.110396
-1.135565
-0.023336
-1.182503
-1.356329
-1.106885
-1.350920
-1.502272
-1.212292
-1.618901
-1.680112
-1.405185
-1.173098
-2.131079
-2.196280
-2.281848
-0.371577
0.152743
-0.280881
0.479065
-0.614605
-1.093261
0.685806
-0.680635
-1.471066
-1.173619
-1.795774
-1.452151
-0.971384
-1.310140
-0.906011
-0.754825
-1.332949
-1.525842
-1.317689
-1.556549
-1.299250
-0.123979
-0.588247
-1.711387
-1.646081
-2.283685
-2.211597
-1.674894
-1.106375
-0.729582
-2.303905
-2.151238
-3.078229
-1.204894
-1.012291
-0.999457
-1.927277
-3.119884
-1.536863
-1.186374
-1.932245
-3.356605
-1.908699
-2.667105
-1.943228
-2.328119
-1.985229
-2.352998
-2.302088
-1.799710
-1.110918
-2.437355
-2.323558
-1.356025
-1.674524
-1.371178
-1.072554
-1.726366
-1.464398
-1.198768
-0.880067
-0.933056
-1.429671
-0.933841
-1.059939
-1.087173
-0.765325
-0.515241
-0.542051
-0.530664
-0.611091
-1.405692
-0.810617
-0.441464
-1.058099
-0.734050
-0.334781
-0.999471
-0.972485
-1.802136
-0.514531
-1.429132
-1.545794
-1.483475
-1.998638
-2.262988
-1.412448
-0.703413
-0.996405
-0.827025
-1.368548
-2.381586
-1.488470
-1.613918
-1.424353
-1.900601
-0.793818
-1.306032
-1.530475
-1.048261
-1.960799
-1.261867
-0.882576
-1.881363
-1.316366
-0.497183
-1.442270
-1.361813
-0.835827
-0.827515
-1.310277
-1.660502
-2.388416
-1.668730
-1.779606
-1.104777
-1.214613
-0.871302
-1.002483
-1.611589
-1.865196
-1.627783
-1.714188
-1.652072
-0.808122
-0.603843
-0.184117
-0.066455
-0.329853
-1.141350
-0.144891
-0.374747
0.543792
-0.445385
-0.378660
-0.611770
-0.541462
0.599533
0.509074
-0.447953
-1.027177
-0.483943
-1.559334
-0.188740
-1.175943
-1.082173
-0.463872
-0.005139
-0.097561
-0.648858
-1.223854
-0.458525
-0.453629
0.113093
0.057585
0.357087
0.985661
0.716881
1.153066
0.391643
-0.480660
-0.789496
-0.096525
-0.554594
-0.240283
-1.002399
-0.632012
-0.394358
-0.169290
-0.329569
0.103430
-0.745455
1.285528
0.056304
0.295388
0.731808
-0.149994
-0.317102
-0.027719
-0.518057
-0.741439
-1.290479
-1.627575
-1.571071
-1.870276
-1.472526
-0.610572
-0.060415
-0.438408
0.084708
-0.390579
-0.913303
-0.556512
0.090594
-0.512983
-0.444496
0.509666
-0.054318
0.061706
-0.203121
-0.179187
-1.003533
-0.488408
-0.584492
-1.374069
-1.793216
-0.864442
-1.173107
-0.927950
-0.172249
-1.013397
-0.150821
0.434236
-0.107949
-0.926245
-1.980347
-0.925688
-0.741094
-0.943922
-0.969027
-0.804181
-0.291615
-0.264579
-0.324676
0.408498
-0.084478
0.330878
0.824679
0.895854
0.854257
-0.720769
-1.399086
-0.099524
0.135460
0.824582
0.900071
-0.302992
-0.246011
-1.365411
-1.798296
-0.805097
-0.528358
-0.987611
-1.432194
-1.384248
0.061703
0.222451
-0.747635
0.742987
-0.356220
0.731242
-0.043588
1.171757
-0.093256
-0.711228
-1.077085
-0.694632
-1.243681
-2.127870
-1.629580
-1.921099
-2.445207
-2.132917
-2.145376
-0.062452
-0.765243
-1.132487
-1.555721
-0.464278
-1.296292
-1.819498
-1.827201
-1.050351
-1.405796
-1.128011
-1.306300
0.196886
0.664149
-0.442019
0.210066
0.390119
0.397194
-0.954977
-0.842992
-0.359280
-0.534245
0.704263
-0.758707
0.368892
-0.682987
-0.483194
-0.933801
-0.998763
-0.948574
-1.589929
-0.764094
-1.704394
-1.715483
-1.447960
-0.789279
-1.109740
0.024903
-0.699122
-1.424864
-1.756865
-1.390777
-0.457415
-1.407704
-1.623909
-1.436453
-2.179215
-1.457398
-1.594389
-1.585819
-1.363115
-1.415069
-2.169600
-2.535881
-2.180182
-1.690655
-2.424360
-1.904549
-0.837789
-1.022439
-1.593191
-0.815242
0.409882
-0.219542
-0.328708
0.314880
0.097108
-0.645359
-1.235095
-1.132469
-0.923182
-0.445895
-0.242365
-0.384117
-0.536599
-0.463370
0.014202
-1.144312
-0.627284
-0.802930
-1.137254
-2.434343
-1.400194
-1.991444
-1.139210
-0.606883
-0.457181
-0.835128
-1.194667
-1.217633
-0.008880
-0.683839
-0.712628
-1.643963
-0.517541
-1.347363
-1.511349
-1.538635
-0.673144
-1.802552
-1.011534
-1.131714
-0.295849
0.014241
-1.140066
-0.512532
0.452803
0.340650
-0.043077
-0.265251
-0.258922
-1.418965
-0.460592
0.042363
-0.061105
0.462640
-0.050822
-0.343419
0.816604
0.842679
1.239350
0.038217
0.473877
-0.288742
0.126330
-0.183675
-1.156245
-0.286197
-0.051701
-0.080962
-0.323516
-1.343452
0.211079
-0.669171
0.287392
-0.768517
-0.687004
0.409146
-0.185856
-1.272338
-2.017545
-1.071873
-1.320263
-0.891747
-1.110409
-0.906462
-1.414147
-1.376233
0.055297
-2.014729
-1.484408
-1.447312
-1.222111
-1.025503
-1.817568
-3.198286
-0.834867
-1.624545
-0.915964
-0.473241
-0.867573
-0.960785
0.096415
-0.913537
-0.402230
-1.377454
-1.122415
-1.238562
-0.763765
-1.086901
-0.679504
-1.359573
-0.663545
-0.119136
0.032734
0.792398
0.221651
-0.205293
0.692103
0.007445
-0.361250
0.264916
-0.323323
-0.603971
-1.185292
-1.434082
-1.128034
-0.323272
-0.182638
0.060891
