0.000000
0.332045
0.833196
1.008406
0.629050
0.186825
0.889328
0.140850
0.638038
0.126727
1.889837
1.488790
1.747389
0.526801
0.772535
0.846897
1.354919
0.527853
0.314598
0.243408
0.105087
0.744265
-0.375612
-0.500875
0.035155
0.522808
0.639885
0.442865
0.520908
0.737307
0.631944
1.084366
1.363610
0.750527
1.727882
0.372890
0.820250
1.318362
0.421336
1.275629
0.890987
1.208071
0.966849
1.363159
1.299101
0.557888
0.296619
0.808083
1.294023
1.376394
0.351715
0.945638
0.634253
0.130736
0.348373
-0.310642
-0.129634
0.271251
0.066323
0.005679
0.738936
0.177026
0.734348
0.337342
0.711468
1.175647
1.286097
0.350387
0.947603
0.423684
-0.850725
-0.584228
-0.321883
0.507204
0.315028
0.525223
-0.167340
-0.319339
-0.298495
-0.023691
0.167768
-0.420987
0.085063
0.038664
0.201285
-0.240069
-0.547448
-0.480202
0.614479
1.107529
0.529281
0.209323
0.758362
-0.155538
-0.168093
-0.244201
-0.136511
-0.859653
-0.769704
0.161893
0.578293
-0.003048
1.141703
0.247341
-0.072869
0.195994
-0.177832
0.060654
0.465819
0.696014
-0.459858
-0.587528
0.483758
0.219439
0.703681
0.967267
1.455137
1.026762
0.535161
0.296356
-0.586651
-0.034282
0.403352
0.595658
-0.088662
-0.011018
0.298274
0.650601
1.234639
1.445590
1.754198
1.517010
0.383216
0.396791
0.212626
0.843257
0.113316
0.911793
0.293591
0.324398
-0.065438
0.342518
-0.025487
0.076879
0.307164
0.090312
0.681321
0.843432
0.444896
-0.117682
0.522812
0.555604
0.175706
-0.397814
0.309681
0.324003
0.513516
1.041547
0.383021
0.281430
0.835954
1.845401
1.329804
1.448717
1.976985
1.597346
2.150088
1.370023
1.030626
1.702728
1.775737
1.467361
1.276078
0.419563
1.176407
1.921711
1.315599
1.528548
1.282279
1.439659
0.931218
0.929300
1.265094
0.554546
1.308002
1.208611
1.501872
0.713517
0.744678
1.014699
0.783605
0.889846
0.695525
0.436733
1.361573
0.783857
0.485153
0.801532
0.918222
0.935766
0.458379
0.449740
1.183361
0.824266
0.688272
-0.269926
-0.280944
0.290599
0.058268
-0.030697
-0.399478
-0.617778
-0.221953
-0.204435
-0.234354
1.213774
0.719146
0.800516
0.212091
-0.131603
0.060901
-0.223588
-0.001273
-1.356083
-0.516074
-0.319151
-0.265116
0.113440
-0.672966
-1.323295
-1.539750
-0.823193
-0.722674
-0.302996
-0.351370
-0.317463
-0.146094
-0.082212
0.089964
-0.602416
-0.560617
-1.081137
-0.508221
-0.162423
-0.390638
-0.918825
-1.130458
-1.371451
-1.647331
-1.109887
-1.443544
-2.240002
-1.975758
-2.077736
-1.850243
-2.023179
-1.509321
-1.638673
-0.909468
-1.019535
-1.366425
-0.339123
-0.624149
-0.678039
-0.370760
-1.005587
-1.422024
-1.116523
-1.348893
0.129012
0.214838
-0.260508
-0.376512
-0.689814
-1.059512
-0.896356
-0.421658
-0.536309
-0.893474
-1.328187
-1.196134
-1.251093
-0.440437
0.125076
-0.139502
-0.144293
0.355681
-0.593648
-0.327923
0.394870
-0.625768
-0.374502
-1.126594
-1.135158
-0.319348
-0.053519
-0.435331
-0.936278
-0.037471
-0.016217
-0.800368
-0.881685
-1.118357
-0.740517
-0.811392
-0.260155
0.046300
-0.239389
-1.052287
-0.610016
-0.743813
-1.343331
-1.035325
0.072670
-0.511233
0.081336
-0.316111
0.366630
-0.854009
-0.959468
-1.084857
-0.112571
-0.406058
0.074423
0.302272
-0.523159
-0.911131
-1.327061
-0.468281
-0.586262
-0.544602
0.011230
-1.332845
-1.457387
-1.364783
-0.432380
-0.369428
-0.707090
-0.175255
-1.037004
-1.209043
-1.466173
-1.146802
-1.293754
-1.380432
-1.053796
-1.353756
-1.069280
-0.789326
-0.447049
-0.216526
-0.535225
-0.156783
-0.058246
-0.783296
-1.043637
-1.308263
-0.499724
-1.601150
-0.314189
1.637658
0.754761
0.934587
-0.095097
0.548422
-0.623495
0.840082
-0.039084
-0.395798
0.527926
1.106054
0.278723
0.088234
0.279635
-0.586907
0.687688
0.203257
-0.302672
-0.532068
-0.668651
-0.390798
-0.228208
-0.564390
-0.994364
-1.189614
-0.774871
-0.101755
-0.074620
0.307024
0.057294
-0.042586
0.323410
-0.137324
-1.239535
-0.880969
-0.149589
0.046740
0.079608
0.733551
0.119703
-0.299206
-0.951206
-0.052392
-0.255213
-0.365785
-0.096374
-0.659968
-0.531677
-0.608646
-0.661886
-0.732346
-0.494932
0.088982
-0.903123
-0.539153
-0.850429
-0.336200
0.438077
0.575454
-0.021267
-0.042938
-0.496507
-0.447621
0.129976
0.088557
-0.531868
0.071469
0.034242
0.119440
0.780190
0.206824
-0.533336
0.102378
-0.063830
0.306331
-0.029923
-0.283817
-0.214518
0.314701
0.251685
-0.192703
-0.130351
-0.220882
0.296384
0.320779
1.080559
2.072304
0.975706
1.215533
1.300517
1.435086
1.231664
1.073959
0.840689
0.692816
0.809750
0.588558
0.191723
0.813962
0.764133
-0.300589
-0.604726
-0.451783
-0.184403
0.589155
0.156224
-0.331428
-0.230883
0.145410
-0.577956
-0.230510
-0.090109
-0.266365
-0.085865
0.088084
0.104159
1.023947
0.261986
0.378350
0.922647
0.333941
0.272780
1.036612
0.678926
-0.108806
-0.363298
0.017967
0.093858
0.506203
-0.024093
0.517210
0.210471
-0.158962
0.914090
0.291210
0.093330
0.550707
1.023151
1.397197
0.353441
0.710404
0.804938
0.089481
-0.384742
-0.307788
-0.530613
-0.342056
0.547081
0.061257
0.129472
0.328770
-0.243619
-0.326858
0.454187
0.909411
1.008431
0.836847
0.210574
1.113080
0.694993
0.618111
0.443853
0.438573
1.034549
0.958848
0.862649
0.792791
1.046513
1.201236
0.114067
0.820815
0.747919
-0.227215
0.401286
0.940520
0.906567
0.610017
0.230230
0.144195
0.277415
0.409346
0.868658
1.047130
0.635740
0.104336
0.339711
0.623295
0.473888
-0.049207
0.571215
0.302878
-0.047135
0.058658
0.417307
0.856025
-0.189280
0.370122
1.138940
0.623462
1.100198
1.237608
0.724674
-0.282634
-0.263740
-0.589815
-0.021033
-0.345682
-0.390843
-1.030682
-0.821513
-0.489039
-0.694075
-0.360134
-0.580536
-0.451647
-0.833467
-0.335245
-0.318091
-1.106268
-0.798494
-0.419958
-1.079094
0.066058
-0.039820
-0.405945
-0.593488
0.098466
0.021646
-0.735621
-0.071175
-0.673749
-1.102396
-1.572072
-0.809469
-0.851697
-0.693922
-0.292761
-0.343667
-1.216967
-0.964200
-1.408002
-0.788048
-0.166962
0.168474
0.183756
-0.191929
-0.130426
-1.274815
-1.600072
-0.702489
-0.753970
-0.617282
-1.072616
-0.139188
-0.498128
-0.387676
0.053934
0.836966
-0.190232
-0.433078
-0.080246
-0.312097
-0.627042
-0.383248
0.467393
0.099837
-0.144581
-0.523080
0.259591
0.013438
-0.709226
-0.876541
-0.833604
-0.447035
-0.475130
0.299681
0.658286
0.226235
0.022128
-0.288927
-0.045100
-0.078359
-0.656364
-0.234606
-0.862655
-0.016394
0.011465
-0.098619
0.436879
0.288836
0.812065
0.508652
0.231568
1.050750
0.810849
0.678734
0.597836
0.489430
0.339932
0.801578
1.224476
0.250371
0.576533
0.071935
-0.824047
-0.883720
-0.566687
-1.094272
-0.974352
-1.228260
-0.854150
-0.602540
0.215667
-0.255034
-0.443948
0.187023
0.632160
-0.184137
0.163963
0.558668
-0.686776
0.065903
0.007422
0.120358
0.382770
-0.055710
-0.201128
0.336766
0.278803
0.372369
0.392476
-0.232888
0.839593
0.670044
0.949219
0.585371
0.027423
-0.084461
-0.490512
0.072331
-0.109095
0.169545
1.372905
1.045903
1.094848
0.087433
0.343684
0.996808
0.503133
-0.737145
0.029209
0.709961
1.575182
1.053167
1.756689
1.584900
1.236582
0.541559
0.257483
0.529980
0.867240
0.860043
0.342085
0.019315
0.247138
-0.053711
0.417905
0.572348
0.548677
0.567031
0.959853
0.815376
1.368876
0.538938
1.069079
0.844850
1.563482
1.822840
1.346412
1.725516
1.439836
0.712872
-0.045108
0.063898
0.134542
0.841772
-0.564689
-0.762749
0.278003
-0.102333
0.100792
0.193698
0.399236
-0.195198
-0.459897
0.830051
0.142666
-0.729453
-0.029122
0.747590
1.335099
0.827619
0.377252
0.472571
0.398080
-0.071282
-0.134412
0.647890
1.549486
1.266020
0.682990
1.297792
2.192925
1.636256
1.149246
0.454516
0.287905
1.062428
0.983772
1.092798
1.259363
1.064332
1.128264
0.160792
0.463710
1.286315
-0.249879
0.515274
0.987540
0.283302
0.495489
0.637934
1.128743
1.120989
1.063732
0.242768
0.472462
1.385251
1.624105
0.607667
0.984585
1.162279
1.988305
1.452831
0.760572
0.723084
0.279200
0.268709
0.543934
0.330693
0.746808
0.813019
0.258780
-0.452951
0.008322
0.031167
-0.605711
-0.419725
0.045566
0.706923
-0.235922
0.184426
0.450189
0.656917
0.545381
0.255961
0.580046
1.200849
1.077731
1.352949
1.527295
0.039790
-0.149850
-0.433182
-1.200769
-0.348475
-0.492026
-0.149967
0.506072
0.980891
0.538744
0.895909
0.131606
-0.059806
-0.314298
-0.416495
0.047569
0.305978
-0.418222
0.004772
0.443966
0.381140
1.012590
0.637814
-0.171983
0.777643
0.575910
0.278849
-0.104025
-0.012656
-0.261663
0.650091
0.039570
-0.204770
0.095498
-1.137250
-0.125385
-0.874206
-0.451888
-0.583384
-0.495852
-0.033175
-0.123830
-0.782924
-0.511895
-0.170972
-0.982401
-0.866460
-1.312256
-0.925520
-0.943476
-0.904192
-0.587539
-1.006718
-0.635646
-0.292514
-0.859782
-0.557243
-0.552246
-1.305374
-0.485200
-0.545742
-1.147789
-0.683595
0.422948
0.129562
0.033011
0.054550
-0.590781
-0.377352
0.128834
-0.265300
0.183082
0.239074
0.296287
0.195881
-0.762838
-0.468390
-0.316067
0.463418
0.109950
0.179479
0.354350
-0.136474
-0.187877
-0.726384
-1.061282
-1.357068
-0.690638
-0.850458
-0.346813
-0.091694
0.049408
-0.371211
-0.936750
-0.729355
-0.243564
-0.373925
0.945061
-0.118958
-0.043407
0.756723
-0.725084
-0.982457
-1.314575
-0.741604
-0.420560
-0.471971
-1.248614
0.359194
-0.703756
-0.271510
-1.425031
-1.132744
-0.743047
-0.488239
-0.224557
0.235883
0.320289
0.168451
0.705957
0.918579
0.475132
0.168765
0.425111
0.161399
0.186107
0.170710
0.379652
0.349297
0.860826
0.940843
0.155421
0.226330
0.507280
0.485954
1.188599
1.346141
1.056014
0.411614
0.278545
0.523853
1.422125
0.619298
0.725775
0.881842
1.014644
1.491778
2.016295
1.822402
1.686718
1.756925
1.347201
1.340425
0.854183
-0.644485
0.300436
0.696858
0.092237
1.289104
0.623446
0.385198
0.398057
0.845795
1.024432
0.081284
0.127672
0.361168
0.095837
0.230638
0.007922
-0.030873
-0.281911
-0.348242
-0.226400
-0.566669
-0.266075
0.364500
0.285610
-0.173402
0.073976
-0.237938
-0.029691
0.342087
0.073588
-0.203189
0.149120
-0.390959
-0.871162
-0.771649
0.002674
-0.031657
-0.123741
-0.531308
